           0
           3   298.00000697338299        298.00494374105210        299.00174977580986        498.53270247094730     
 Gradient=                  Infinity
           5   298.00000694472556        298.00492384162004        298.99783965828738        497.55882328972274     
 Gradient=  0.48693959061228043     
           7   298.00000691689399        298.00490438034279        298.99397932635736        496.58840018163528     
 Gradient=  0.48521155404372962     
          66   298.00000639223026        298.00450361665042        298.90335571120295        469.73239172161152     
 Gradient=  0.45518658406819928     
         111   298.00000623874365        298.00436607636391        298.86407077056288        453.80546166396306     
 Gradient=  0.35393177905885470     
         156   298.00000617932318        298.00430711677063        298.84454687494940        444.16273960428663     
 Gradient=  0.21428271243725400     
         217   298.00000615516740        298.00428108132991        298.83488483511871        438.66023614217414     
 Gradient=   9.0204974788729284E-002
         345   298.00000614904110        298.00427391841970        298.83193047862409        436.75583462664292     
 Gradient=   1.4878136840087652E-002
