           0
          23   298.02898889123190        299.37793844645404        315.12348659646284        489.90914664976907     

          43   298.02791661237484        299.32697574294656        314.49477459718611        481.44726124037703     

          63   298.02687318252214        299.27704631947563        313.87480168078127        473.27393032542420     

          83   298.02586247653005        299.22834715310165        313.26604190062608        465.38607182900705     

         103   298.02488735103407        299.18103087096085        312.67048592454466        457.77995429231044     

         123   298.02394981577157        299.13521273319077        312.08971222672324        450.45129826341150     

         143   298.02305118019245        299.09097665382717        311.52494890283106        443.39536264318133     

         163   298.02219217780356        299.04838035187470        310.97712700872313        436.60701851266981     

         183   298.02137307117613        299.00745974027956        310.44692640497863        430.08081253308961     

         203   298.02059374032279        298.96823265257609        309.93481502642942        423.81102165394333     

         223   298.01985375681852        298.93070199742391        309.44108241896055        417.79170057092773     

