 REPARTITION DE LA TEMPERATURE AU SEIN DE L'ECHANGEUR A LA FIN DU STOCKAGE
   568.34491307702990     
   568.61856161664002     
   568.80232995274446     
   568.96975699455720     
   569.12487110637665     
   569.99861235117010     
   568.33590267167517     
   568.61074594207071     
   568.79533446145399     
   568.96352295191878     
   569.11935542170261     
   569.99721815203588     
   568.32687656523888     
   568.60291585325831     
   568.78832548014407     
   568.95727630979286     
   569.11382800734725     
   569.99581739437338     
   568.31783475348186     
   568.59507134520572     
   568.78130300333476     
   568.95101706227729     
   569.10828885703472     
   569.99441006996108     
   568.30877723216202     
   568.58721241291789     
   568.77426702554476     
   568.94474520346762     
   569.10273796448962     
   569.99299617058080     
   568.29970399705928     
   568.57933905141590     
   568.76721754130836     
   568.93846072747522     
   569.09717532344894     
   569.99157568801752     
   568.29061504395713     
   568.57145125572640     
   568.76015454516642     
   568.93216362841611     
   569.09160092765467     
   569.99014861405885     
   568.28151036865529     
   568.56354902088958     
   568.75307803167095     
   568.92585390041654     
   569.08601477085961     
   569.98871494049604     
   568.27238996695530     
   568.55563234194904     
   568.74598799537682     
   568.91953153760721     
   569.08041684681848     
   569.98727465912350     
   568.26325383467463     
   568.54770121396018     
   568.73888443085195     
   568.91319653412904     
   569.07480714929568     
   569.98582776173839     
   568.25410196764005     
   568.53975563199037     
   568.73176733267292     
   568.90684888413159     
   569.06918567206446     
   569.98437424014082     
   568.24493436169075     
   568.53179559111345     
   568.72463669542424     
   568.90048858177136     
   569.06355240890468     
   569.98291408613454     
   568.23575101266783     
   568.52382108641166     
   568.71749251369613     
   568.89411562121063     
   569.05790735359938     
   569.98144729152625     
   568.22655191643514     
   568.51583211298180     
   568.71033478209438     
   568.88772999662592     
   569.05225049994704     
   569.97997384812550     
   568.21733706885436     
   568.50782866592158     
   568.70316349522523     
   568.88133170219396     
   569.04658184174525     
   569.97849374774523     
   568.20810646580878     
   568.49981074034690     
   568.69597864770981     
   568.87492073210558     
   569.04090137280389     
   569.97700698220149     
   568.19886010318055     
   568.49177833137719     
   568.68878023417551     
   568.86849708055729     
   569.03520908693952     
   569.97551354331370     
   568.18959797687069     
   568.48373143414199     
   568.68156824925643     
   568.86206074175072     
   569.02950497797144     
   569.97401342290402     
   568.18032008278601     
   568.47567004378209     
   568.67434268759996     
   568.85561170990115     
   569.02378903973374     
   569.97250661279804     
   568.17102641684664     
   568.46759415544557     
   568.66710354385725     
   568.84914997922715     
   569.01806126606175     
   569.97099310482452     
   568.16171697497771     
   568.45950376429221     
   568.65985081269241     
   568.84267554395876     
   569.01232165080216     
   569.96947289081561     
   568.15239175312070     
   568.45139886548759     
   568.65258448877375     
   568.83618839832980     
   569.00657018780475     
   569.96794596260588     
   568.14305074722256     
   568.44327945420969     
   568.64530456678176     
   568.82968853658610     
   569.00080687093089     
   569.96641231203387     
   568.13369395324332     
   568.43514552564409     
   568.63801104140384     
   568.82317595297889     
   568.99503169404522     
   569.96487193094106     
   568.12432136715086     
   568.42699707498593     
   568.63070390733594     
   568.81665064176832     
   568.98924465102345     
   569.96332481117213     
   568.11493298492383     
   568.41883409743923     
   568.62338315928321     
   568.81011259722209     
   568.98344573574536     
   569.96177094457494     
   568.10552880255375     
   568.41065658821969     
   568.61604879196079     
   568.80356181361753     
   568.97763494210051     
   569.96021032300064     
   568.09610881603555     
   568.40246454254770     
   568.60870080008795     
   568.79699828523633     
   568.97181226398402     
   569.95864293830357     
   568.08667302138542     
   568.39425795565910     
   568.60133917839903     
   568.79042200637321     
   568.96597769529990     
   569.95706878234125     
   568.07722141461579     
   568.38603682279245     
   568.59396392163092     
   568.78383297132564     
   568.96013122995760     
   569.95548784697462     
   568.06775399176126     
   568.37780113920007     
   568.58657502453264     
   568.77723117440189     
   568.95427286187487     
   569.95390012406745     
   568.05827074885917     
   568.36955090014067     
   568.57917248186016     
   568.77061660991797     
   568.94840258497698     
   569.95230560548714     
   568.04877168195833     
   568.36128610088440     
   568.57175628837820     
   568.76398927219634     
   568.94252039319440     
   569.95070428310453     
   568.03925678712017     
   568.35300673670815     
   568.56432643886012     
   568.75734915556825     
   568.93662628046798     
   569.94909614879293     
   568.02972606041499     
   568.34471280290211     
   568.55688292809032     
   568.75069625437550     
   568.93072024074593     
   569.94748119442966     
   568.02017949792173     
   568.33640429476191     
   568.54942575085784     
   568.74403056296353     
   568.92480226797898     
   569.94585941189541     
   568.01061709573128     
   568.32808120759466     
   568.54195490196412     
   568.73735207568836     
   568.91887235613115     
   569.94423079307319     
   568.00103884994280     
   568.31974353671478     
   568.53447037621527     
   568.73066078691340     
   568.91293049917010     
   569.94259532985041     
   567.99144475666537     
   568.31139127744518     
   568.52697216842841     
   568.72395669100922     
   568.90697669107124     
   569.94095301411699     
   567.98183481202341     
   568.30302442512425     
   568.51946027342956     
   568.71723978235525     
   568.90101092581824     
   569.93930383776660     
   567.97220901214121     
   568.29464297508900     
   568.51193468604936     
   568.71051005533695     
   568.89503319740004     
   569.93764779269611     
   567.96256735316422     
   568.28624692269625     
   568.50439540113393     
   568.70376750435207     
   568.88904349981658     
   569.93598487080556     
   567.95290983124050     
   568.27783626330620     
   568.49684241353293     
   568.69701212380164     
   568.88304182707157     
   569.93431506399850     
   567.94323644252870     
   568.26941099228691     
   568.48927571810441     
   568.69024390809659     
   568.87702817317745     
   569.93263836418168     
   567.93354718320245     
   568.26097110502224     
   568.48169530971836     
   568.68346285165603     
   568.87100253215374     
   569.93095476326494     
   567.92384204943892     
   568.25251659689673     
   568.47410118324910     
   568.67666894890613     
   568.86496489802664     
   569.92926425316170     
   567.91412103743164     
   568.24404746331368     
   568.46649333358528     
   568.66986219428327     
   568.85891526483260     
   569.92756682578943     
   567.90438414337643     
   568.23556369967423     
   568.45887175561529     
   568.66304258222601     
   568.85285362660920     
   569.92586247306747     
   567.89463136348854     
   568.22706530139908     
   568.45123644424473     
   568.65621010718780     
   568.84677997740744     
   569.92415118691963     
   567.88486269398470     
   568.21855226391301     
   568.44358739438508     
   568.64936476362755     
   568.84069431128421     
   569.92243295927267     
   567.87507813109653     
   568.21002458265014     
   568.43592460095329     
   568.64250654600892     
   568.83459662230030     
   569.92070778205709     
   567.86527767106509     
   568.20148225305525     
   568.42824805887881     
   568.63563544880753     
   568.82848690452738     
   569.91897564720603     
   567.85546131013825     
   568.19292527058008     
   568.42055776309633     
   568.62875146650515     
   568.82236515204329     
   569.91723654665668     
   567.84562904457789     
   568.18435363068761     
   568.41285370855212     
   568.62185459359193     
   568.81623135893301     
   569.91549047234946     
   567.83578087065541     
   568.17576732885050     
   568.40513589019918     
   568.61494482456521     
   568.81008551928824     
   569.91373741622795     
   567.82591678464621     
   568.16716636054605     
   568.39740430299901     
   568.60802215393096     
   568.80392762720885     
   569.91197737023936     
   567.81603678284625     
   568.15855072126794     
   568.38965894192324     
   568.60108657620344     
   568.79775767680280     
   569.91021032633398     
   567.80614086155174     
   568.14992040651180     
   568.38189980194932     
   568.59413808590341     
   568.79157566218180     
   569.90843627646620     
   567.79622901707319     
   568.14127541178664     
   568.37412687806545     
   568.58717667756059     
   568.78538157747005     
   569.90665521259302     
   567.78630124573033     
   568.13261573260945     
   568.36634016526784     
   568.58020234571245     
   568.77917541679460     
   569.90486712667541     
   567.77635754385426     
   568.12394136450746     
   568.35853965856097     
   568.57321508490463     
   568.77295717429172     
   569.90307201067765     
   567.76639790778313     
   568.11525230301481     
   568.35072535295751     
   568.56621488968972     
   568.76672684410460     
   569.90126985656684     
   567.75642233386793     
   568.10654854367624     
   568.34289724348037     
   568.55920175462995     
   568.76048442038518     
   569.89946065631477     
   567.74643081846773     
   568.09783008204670     
   568.33505532515892     
   568.55217567429429     
   568.75422989728997     
   569.89764440189549     
   567.73642335795194     
   568.08909691368717     
   568.32719959303063     
   568.54513664325736     
   568.74796326898320     
   569.89582108528691     
   567.72639994869928     
   568.08034903416922     
   568.31933004214341     
   568.53808465610598     
   568.74168452963886     
   569.89399069847082     
   567.71636058709930     
   568.07158643907485     
   568.31144666755381     
   568.53101970743285     
   568.73539367343619     
   569.89215323343194     
   567.70630526955335     
   568.06280912399586     
   568.30354946432647     
   568.52394179183943     
   568.72909069456284     
   569.89030868215843     
   567.69623399246598     
   568.05401708452712     
   568.29563842753055     
   568.51685090393096     
   568.72277558721089     
   569.88845703664231     
   567.68614675226104     
   568.04521031628053     
   568.28771355225126     
   568.50974703832765     
   568.71644834558447     
   569.88659828887887     
   567.67604354536491     
   568.03638881487268     
   568.27977483357688     
   568.50263018965256     
   568.71010896389134     
   569.88473243086685     
   567.66592436821486     
   568.02755257592867     
   568.27182226660409     
   568.49550035253640     
   568.70375743634690     
   569.88285945460871     
   567.65578921726342     
   568.01870159508576     
   568.26385584644129     
   568.48835752162086     
   568.69739375717506     
   569.88097935211010     
   567.64563808896514     
   568.00983586798725     
   568.25587556820358     
   568.48120169155391     
   568.69101792060667     
   569.87909211537999     
   567.63547097979085     
   568.00095539028814     
   568.24788142701391     
   568.47403285699068     
   568.68462992087939     
   569.87719773643164     
   567.62528788621921     
   567.99206015765128     
   568.23987341800603     
   568.46685101259720     
   568.67822975224078     
   569.87529620728117     
   567.61508880473446     
   567.98315016574679     
   568.23185153631778     
   568.45965615304135     
   568.67181740893852     
   569.87338751994832     
   567.60487373183787     
   567.97422541025696     
   568.22381577709984     
   568.45244827300530     
   568.66539288523552     
   569.87147166645639     
   567.59464266403745     
   567.96528588687340     
   568.21576613551156     
   568.44522736717715     
   568.65895617540014     
   569.86954863883261     
   567.58439559784824     
   567.95633159129136     
   568.20770260671520     
   568.43799343024966     
   568.65250727370312     
   569.86761842910698     
   567.57413252979961     
   567.94736251922359     
   568.19962518588966     
   568.43074645692900     
   568.64604617442956     
   569.86568102931358     
   567.56385345642968     
   567.93837866638580     
   568.19153386821586     
   568.42348644192543     
   568.63957287186724     
   569.86373643149034     
   567.55355837428419     
   567.92938002850315     
   568.18342864888609     
   568.41621337995798     
   568.63308736031206     
   569.86178462767782     
   567.54324727991900     
   567.92036660131180     
   568.17530952309960     
   568.40892726575237     
   568.62658963406761     
   569.85982560992068     
   567.53292016990099     
   567.91133838055464     
   568.16717648606345     
   568.40162809404399     
   568.62007968744433     
   569.85785937026742     
   567.52257704081012     
   567.90229536198922     
   568.15902953299803     
   568.39431585957664     
   568.61355751476106     
   569.85588590076952     
   567.51221788922885     
   567.89323754137411     
   568.15086865912690     
   568.38699055710003     
   568.60702311034288     
   569.85390519348266     
   567.50184271175488     
   567.88416491448356     
   568.14269385968419     
   568.37965218137265     
   568.60047646852229     
   569.85191724046535     
   567.49145150499339     
   567.87507747709651     
   568.13450512991233     
   568.37230072716090     
   568.59391758363938     
   569.84992203378044     
   567.48104426556245     
   567.86597522500563     
   568.12630246506376     
   568.36493618924055     
   568.58734645004256     
   569.84791956549373     
   567.47062099008542     
   567.85685815400609     
   568.11808586039535     
   568.35755856239166     
   568.58076306208454     
   569.84590982767509     
   567.46018167519810     
   567.84772625990809     
   568.10985531117660     
   568.35016784140510     
   568.57416741412806     
   569.84389281239794     
   567.44972631754695     
   567.83857953852771     
   568.10161081268359     
   568.34276402107923     
   568.56755950054230     
   569.84186851173911     
   567.43925491378548     
   567.82941798569254     
   568.09335236020206     
   568.33534709622040     
   568.56093931570433     
   569.83983691777917     
   567.42876746057857     
   567.82024159723551     
   568.08507994902334     
   568.32791706164073     
   568.55430685399665     
   569.83779802260221     
   567.41826395459975     
   567.81105036899908     
   568.07679357444852     
   568.32047391216167     
   568.54766210980972     
   569.83575181829622     
   567.40774439253585     
   567.80184429684084     
   568.06849323179119     
   568.31301764261491     
   568.54100507754470     
   569.83369829695232     
   567.39720877108107     
   567.79262337662124     
   568.06017891636884     
   568.30554824783690     
   568.53433575160545     
   569.83163745066588     
   567.38665708693554     
   567.78338760420991     
   568.05185062350665     
   568.29806572267205     
   568.52765412640429     
   569.82956927153566     
   567.37608933681486     
   567.77413697548650     
   568.04350834854051     
   568.29057006197240     
   568.52096019636099     
   569.82749375166372     

 Energie emmagasiné par le cofalit (J)
   1192669364.1886778     

