 REPARTITION DE LA TEMPERATURE AU SEIN DE L'ECHANGEUR A LA FIN DU DESTOCKAGE
   325.72767707242525     
   319.16843789292466     
   314.93375688427830     
   311.20807748353440     
   307.87429290139232     
   299.07229319172569     
   327.59107292414672     
   320.56204931838920     
   316.02681973945414     
   312.03887643719065     
   308.47234849433266     
   299.06172191991340     
   327.58994137335361     
   320.55727455102539     
   316.02005500741393     
   312.03064618688217     
   308.46306286878138     
   299.05041979806720     
   327.55230407438427     
   320.52512449364900     
   315.99176275003293     
   312.00599641464805     
   308.44189541278905     
   299.03911516086595     
   327.51407326323545     
   320.49253279999175     
   315.96312600478842     
   311.98108690438335     
   308.42054339777530     
   299.02782227301054     
   327.47583645914966     
   320.45994010199882     
   315.93449132478730     
   311.95618202968819     
   308.39919819132120     
   299.01654137081852     
   327.43760257954472     
   320.42735308915314     
   315.90586397231516     
   311.93128580597329     
   308.37786270097490     
   299.00527246110153     
   327.39937175912831     
   320.39477186404514     
   315.87724402914398     
   311.90639829663030     
   308.35653697362466     
   298.99401554718753     
   327.36114400621568     
   320.36219643447214     
   315.84863150249237     
   311.88151950817701     
   308.33522101498937     
   298.98277063235150     
   327.32291932738633     
   320.32962680692981     
   315.82002639855477     
   311.85664944634846     
   308.31391483022071     
   298.97153771986490     
   327.28469772921142     
   320.29706298790666     
   315.79142872351855     
   311.83178811687395     
   308.29261842446522     
   298.96031681299650     
   327.24647921827022     
   320.26450498389693     
   315.76283848357616     
   311.80693552548627     
   308.27133180287120     
   298.94910791501206     
   327.20826380115608     
   320.23195280140470     
   315.73425568492667     
   311.78209167792227     
   308.25005497058902     
   298.93791102917487     
   327.17005148447549     
   320.19940644694373     
   315.70568033377623     
   311.75725657992308     
   308.22878793277124     
   298.92672615874488     
   327.13184227484413     
   320.16686592703411     
   315.67711243633562     
   311.73243023723364     
   308.20753069457288     
   298.91555330697952     
   327.09363617889693     
   320.13433124820943     
   315.64855199882584     
   311.70761265560554     
   308.18628326115180     
   298.90439247713323     
   327.05543320327513     
   320.10180241700755     
   315.61999902747016     
   311.68280384079162     
   308.16504563766728     
   298.89324367245769     
   327.01723335463703     
   320.06927943997971     
   315.59145352850237     
   311.65800379855153     
   308.14381782928177     
   298.88210689620149     
   326.97903663965343     
   320.03676232368406     
   315.56291550816064     
   311.63321253464812     
   308.12259984115968     
   298.87098215161080     
   326.94084306500781     
   320.00425107468999     
   315.53438497269184     
   311.60843005484998     
   308.10139167846830     
   298.85986944192831     
   326.90265263739781     
   319.97174569957508     
   315.50586192834879     
   311.58365636492965     
   308.08019334637686     
   298.84876877039426     
   326.86446536353486     
   319.93924620492800     
   315.47734638139235     
   311.55889147066506     
   308.05900485005873     
   298.83768014024588     
   326.82628125014509     
   319.90675259734735     
   315.44883833809024     
   311.53413537783877     
   308.03782619468819     
   298.82660355471728     
   326.78810030396772     
   319.87426488344062     
   315.42033780471724     
   311.50938809223766     
   308.01665738544290     
   298.81553901703995     
   326.74992253175844     
   319.84178306982835     
   315.39184478755743     
   311.48464961965567     
   307.99549842750457     
   298.80448653044226     
   326.71174794028445     
   319.80930716313787     
   315.36335929289976     
   311.45991996588918     
   307.97434932605546     
   298.79344609814990     
   326.67357653633138     
   319.77683717001008     
   315.33488132704315     
   311.43519913674214     
   307.95321008628258     
   298.78241772338532     
   326.63540832669719     
   319.74437309709634     
   315.30641089629478     
   311.41048713802286     
   307.93208071337574     
   298.77140140936814     
   326.59724331819643     
   319.71191495105620     
   315.27794800696688     
   311.38578397554431     
   307.91096121252673     
   298.76039715931500     
   326.55908151765942     
   319.67946273856455     
   315.24949266538380     
   311.36108965512710     
   307.88985158893189     
   298.74940497643973     
   326.52092293193130     
   319.64701646630402     
   315.22104487787522     
   311.33640418259529     
   307.86875184778938     
   298.73842486395301     
   326.48276756787402     
   319.61457614097100     
   315.19260465078082     
   311.31172756378010     
   307.84766199430192     
   298.72745682506252     
   326.44461543236633     
   319.58214176927231     
   315.16417199044815     
   311.28705980451792     
   307.82658203367509     
   298.71650086297319     
   326.40646653230328     
   319.54971335792823     
   315.13574690323469     
   311.26240091065188     
   307.80551197111754     
   298.70555698088657     
   326.36832087459447     
   319.51729091366792     
   315.10732939550434     
   311.23775088802955     
   307.78445181184185     
   298.69462518200169     
   326.33017846617093     
   319.48487444323695     
   315.07891947363362     
   311.21310974250702     
   307.76340156106431     
   298.68370546951422     
   326.29203931397768     
   319.45246395338989     
   315.05051714400503     
   311.18847747994482     
   307.74236122400436     
   298.67279784661685     
   326.25390342497752     
   319.42005945089528     
   315.02212241301140     
   311.16385410621007     
   307.72133080588520     
   298.66190231649921     
   326.21577080615418     
   319.38766094253600     
   314.99373528705718     
   311.13923962717837     
   307.70031031193560     
   298.65101888234807     
   326.17764146450634     
   319.35526843510581     
   314.96535577255349     
   311.11463404872961     
   307.67929974738593     
   298.64014754734694     
   326.13951540705415     
   319.32288193541387     
   314.93698387592411     
   311.09003737675226     
   307.65829911747204     
   298.62928831467656     
   326.10139264083494     
   319.29050145028145     
   314.90861960360093     
   311.06544961714076     
   307.63730842743325     
   298.61844118751418     
   326.06327317290425     
   319.25812698654408     
   314.88026296202662     
   311.04087077579686     
   307.61632768251377     
   298.60760616903445     
   326.02515701034184     
   319.22575855105214     
   314.85191395765565     
   311.01630085863036     
   307.59535688796166     
   298.59678326240839     
   325.98704416024168     
   319.19339615066906     
   314.82357259695107     
   310.99173987155700     
   307.57439604902930     
   298.58597247080434     
   325.94893462972209     
   319.16103979227478     
   314.79523888638880     
   310.96718782050220     
   307.55344517097507     
   298.57517379738755     
   325.91082842592061     
   319.12868948276241     
   314.76691283245486     
   310.94264471139695     
   307.53250425905952     
   298.56438724531984     
   325.87272555599702     
   319.09634522904196     
   314.73859444164725     
   310.91811055018184     
   307.51157331855080     
   298.55361281775998     
   325.83462602713229     
   319.06400703803877     
   314.71028372047613     
   310.89358534280569     
   307.49065235472085     
   298.54285051786377     
   325.79652984652785     
   319.03167491669188     
   314.68198067546081     
   310.86906909522332     
   307.46974137284536     
   298.53210034878390     
   325.75843702140895     
   318.99934887195889     
   314.65368531313544     
   310.84456181340022     
   307.44884037820702     
   298.52136231366967     
   325.72034755902456     
   318.96702891081372     
   314.62539764004663     
   310.82006350331062     
   307.42794937609335     
   298.51063641566731     
   325.68226146664472     
   318.93471504024581     
   314.59711766275132     
   310.79557417093588     
   307.40706837179715     
   298.49992265791985     
   325.64417875156516     
   318.90240726726296     
   314.56884538782134     
   310.77109382226797     
   307.38619737061691     
   298.48922104356723     
   325.60609942110409     
   318.87010559888950     
   314.54058082184036     
   310.74662246330735     
   307.36533637785698     
   298.47853157574593     
   325.56802348260675     
   318.83781004216917     
   314.51232397140723     
   310.72216010006457     
   307.34448539882743     
   298.46785425758958     
   325.52995094344118     
   318.80552060416215     
   314.48407484313236     
   310.69770673855908     
   307.32364443884467     
   298.45718909222825     
   325.49188181100283     
   318.77323729194927     
   314.45583344364201     
   310.67326238482104     
   307.30281350323105     
   298.44653608278895     
   325.45381609271249     
   318.74096011262799     
   314.42759977957513     
   310.64882704488969     
   307.28199259731514     
   298.43589523239541     
   325.41575379601841     
   318.70868907331777     
   314.39937385758702     
   310.62440072481616     
   307.26118172643271     
   298.42526654416798     
   325.37769492839504     
   318.67642418115582     
   314.37115568434672     
   310.59998343066081     
   307.24038089592625     
   298.41465002122379     
   325.33963949734709     
   318.64416544330118     
   314.34294526653878     
   310.57557516849556     
   307.21959011114382     
   298.40404566667684     
   325.30158751040625     
   318.61191286693293     
   314.31474261086419     
   310.55117594440361     
   307.19880937744239     
   298.39345348363759     
   325.26353897513263     
   318.57966645925160     
   314.28654772403894     
   310.52678576447931     
   307.17803870018525     
   298.38287347521333     
   325.22549389911808     
   318.54742622747898     
   314.25836061279591     
   310.50240463482845     
   307.15727808474276     
   298.37230564450795     
   325.18745228998273     
   318.51519217885857     
   314.23018128388424     
   310.47803256156914     
   307.13652753649421     
   298.36174999462185     
   325.14941415537993     
   318.48296432065911     
   314.20200974407163     
   310.45366955083205     
   307.11578706082577     
   298.35120652865254     
   325.11137950299440     
   318.45074266016911     
   314.17384600014094     
   310.42931560875888     
   307.09505666313117     
   298.34067524969362     
   325.07334834054143     
   318.41852720470263     
   314.14569005889501     
   310.40497074150636     
   307.07433634881454     
   298.33015616083566     
   325.03532067577169     
   318.38631796159729     
   314.11754192715375     
   310.38063495524278     
   307.05362612328639     
   298.31964926516554     
   324.99729651646919     
   318.35411493821584     
   314.08940161175667     
   310.35630825615044     
   307.03292599196681     
   298.30915456576690     
   324.95927587045219     
   318.32191814194630     
   314.06126911956216     
   310.33199065042538     
   307.01223596028535     
   298.29867206571993     
   324.92125874557502     
   318.28972758020262     
   314.03314445744815     
   310.30768214427798     
   306.99155603367961     
   298.28820176810132     
   324.88324514972749     
   318.25754326042443     
   314.00502763231253     
   310.28338274393280     
   306.97088621759764     
   298.27774367598437     
   324.84523509083772     
   318.22536519007986     
   313.97691865107470     
   310.25909245562968     
   306.95022651749741     
   298.26729779243891     
   324.80722857687192     
   318.19319337666383     
   313.94881752067369     
   310.23481128562321     
   306.92957693884563     
   298.25686412053113     
   324.76922561583245     
   318.16102782769929     
   313.92072424807111     
   310.21053924018378     
   306.90893748712057     
   298.24644266332376     
   324.73122621576471     
   318.12886855073975     
   313.89263884025127     
   310.18627632559850     
   306.88830816781041     
   298.23603342387605     
   324.69323038475318     
   318.09671555336627     
   313.86456130421891     
   310.16202254816869     
   306.86768898641350     
   298.22563640524362     
   324.65523813092318     
   318.06456884319209     
   313.83649164700415     
   310.13777791421535     
   306.84707994844115     
   298.21525161047862     
   324.61724946244493     
   318.03242842786148     
   313.80842987566052     
   310.11354243007503     
   306.82648105941422     
   298.20487904262950     
   324.57926438752986     
   318.00029431504913     
   313.78037599726440     
   310.08931610210198     
   306.80589232486642     
   298.19451870474103     
   324.54128291443584     
   317.96816651246456     
   313.75233001891883     
   310.06509893666896     
   306.78531375034305     
   298.18417059985455     
   324.50330505146553     
   317.93604502784933     
   313.72429194775208     
   310.04089094016780     
   306.76474534140220     
   298.17383473100773     
   324.46533080696673     
   317.90392986897820     
   313.69626179091665     
   310.01669211900742     
   306.74418710361334     
   298.16351110123446     
   324.42736018933709     
   317.87182104366235     
   313.66823955559357     
   309.99250247961822     
   306.72363904256048     
   298.15319971356502     
   324.38939320702428     
   317.83971855975028     
   313.64022524899292     
   309.96832202845076     
   306.70310116384104     
   298.14290057102596     
   324.35142986852270     
   317.80762242512401     
   313.61221887834876     
   309.94415077197425     
   306.68257347306439     
   298.13261367663995     
   324.31347018238068     
   317.77553264770580     
   313.58422045092738     
   309.91998871668073     
   306.66205597585639     
   298.12233903342616     
   324.27551415719802     
   317.74344923545482     
   313.55622997402281     
   309.89583586908276     
   306.64154867785589     
   298.11207664439985     
   324.23756180162815     
   317.71137219637063     
   313.52824745496048     
   309.87169223571550     
   306.62105158471672     
   298.10182651257253     
   324.19961312438068     
   317.67930153849318     
   313.50027290109620     
   309.84755782313675     
   306.60056470210867     
   298.09158864095178     
   324.16166813422069     
   317.64723726990337     
   313.47230631981694     
   309.82343263792779     
   306.58008803571676     
   298.08136303254139     
   324.12372683997120     
   317.61517939872482     
   313.44434771854361     
   309.79931668669326     
   306.55962159124249     
   298.07114969034143     
   324.08578925051546     
   317.58312793312558     
   313.41639710472987     
   309.77520997606263     
   306.53916537440341     
   298.06094861734772     
   324.04785537479592     
   317.55108288131652     
   313.38845448586346     
   309.75111251269095     
   306.51871939093468     
   298.05075981655256     
   324.00992522181696     
   317.51904425155539     
   313.36051986946700     
   309.72702430325779     
   306.49828364658862     
   298.04058329094403     
   323.97199880064841     
   317.48701205214650     
   313.33259326309951     
   309.70294535447050     
   306.47785814713546     
   298.03041904350624     
   323.93407612042552     
   317.45498629144316     
   313.30467467435795     
   309.67887567306389     
   306.45744289836472     
   298.02026707721961     
   323.89615719034686     
   317.42296697784502     
   313.27676411087407     
   309.65481526579811     
   306.43703790608339     
   298.01012739506018     

 Energie perdu par le cofalit (J) (soit energie destockée)
  -1163405806.7166553     

