 REPARTITION DE LA TEMPERATURE AU SEIN DE L'ECHANGEUR AVANT LE DESTOCKAGE
   559.07372243715849     
   558.59112809245505     
   558.23799640445088     
   557.89203553227628     
   557.54843119700661     
   552.94491754977719     
   578.64684844393037     
   579.12971504942323     
   579.48304993514341     
   579.82921307770903     
   580.17302128187305     
   585.50625391430697     
   579.01238549842617     
   579.52222611116974     
   579.89561461797371     
   580.26167840534924     
   580.62548834633662     
   586.20483388301034     
   579.01157375308026     
   579.52196888293929     
   579.89577498329356     
   580.26225748336367     
   580.62649228359726     
   586.21084696638070     
   579.00491713365091     
   579.51531608302025     
   579.88912526289994     
   580.25561101241010     
   580.61984925924833     
   586.20405780342367     
   578.99816081298695     
   579.50855374291461     
   579.88235851940715     
   580.24883995604796     
   580.61307392050094     
   586.19704136974929     
   578.99138999093282     
   579.50177672998882     
   579.87557697195211     
   580.24205396256502     
   580.60628350794423     
   586.19000783408967     
   578.98460586110377     
   579.49498639471801     
   579.86878209138160     
   580.23525462532416     
   580.59947974097327     
   586.18296046143939     
   578.97780843168664     
   579.48818274766347     
   579.86197389009078     
   580.22844195859943     
   580.59266263580707     
   586.17589929182668     
   578.97099769480610     
   579.48136578097422     
   579.85515236025219     
   580.22161595458783     
   580.58583218466674     
   586.16882431764623     
   578.96417364241290     
   579.47453548659450     
   579.84831749380294     
   580.21477660521919     
   580.57898837947687     
   586.16173553064868     
   578.95733626649144     
   579.46769185650248     
   579.84146928271730     
   580.20792390246413     
   580.57213121220332     
   586.15463292262280     
   578.95048555907545     
   579.46083488272598     
   579.83460771901673     
   580.20105783833844     
   580.56526067485572     
   586.14751648540357     
   578.94362151224732     
   579.45396455733658     
   579.82773279476885     
   580.19417840490439     
   580.55837675949260     
   586.14038621087582     
   578.93674411811151     
   579.44708087243509     
   579.82084450206787     
   580.18728559425165     
   580.55147945819726     
   586.13324209095174     
   578.92985336883612     
   579.44018382018032     
   579.81394283306861     
   580.18037939852923     
   580.54456876311451     
   586.12608411760618     
   578.92294925661929     
   579.43327339276493     
   579.80702777995759     
   580.17345980991911     
   580.53764466642133     
   586.11891228284799     
   578.91603177369916     
   579.42634958241797     
   579.80009933495921     
   580.16652682064023     
   580.53070716033085     
   586.11172657872453     
   578.90910091235833     
   579.41941238141692     
   579.79315749034538     
   580.15958042295915     
   580.52375623710543     
   586.10452699733332     
   578.90215666492111     
   579.41246178207814     
   579.78620223842836     
   580.15262060918451     
   580.51679188904848     
   586.09731353081509     
   578.89519902374695     
   579.40549777675460     
   579.77923357155498     
   580.14564737165665     
   580.50981410849454     
   586.09008617134361     
   578.88822798123374     
   579.39852035783747     
   579.77225148211130     
   580.13866070275753     
   580.50282288782159     
   586.08284491113761     
   578.88124352982959     
   579.39152951776725     
   579.76525596253373     
   580.13166059491834     
   580.49581821945651     
   586.07558974246592     
   578.87424566200627     
   579.38452524900833     
   579.75824700528119     
   580.12464704059346     
   580.48880009584775     
   586.06832065762126     
   578.86723437028763     
   579.37750754408034     
   579.75122460286832     
   580.11762003229205     
   580.48176850949994     
   586.06103764895420     
   578.86020964722036     
   579.37047639552065     
   579.74418874782714     
   580.11057956254206     
   580.47472345293625     
   586.05374070883488     
   578.85317148540992     
   579.36343179592950     
   579.73713943275425     
   580.10352562393507     
   580.46766491874348     
   586.04642982969926     
   578.84611987747564     
   579.35637373791894     
   579.73007665025557     
   580.09645820907099     
   580.46059289951643     
   586.03910500399274     
   578.83905481608804     
   579.34930221415277     
   579.72300039299080     
   580.08937731060655     
   580.45350738790796     
   586.03176622422006     
   578.83197629395352     
   579.34221721733070     
   579.71591065365374     
   580.08228292122942     
   580.44640837659972     
   586.02441348291723     
   578.82488430380363     
   579.33511874017881     
   579.70880742496706     
   580.07517503365864     
   580.43929585830756     
   586.01704677265514     
   578.81777883841846     
   579.32800677547027     
   579.70169069969779     
   580.06805364065610     
   580.43216982578747     
   586.00966608604654     
   578.81065989060903     
   579.32088131600779     
   579.69456047064489     
   580.06091873501589     
   580.42503027182988     
   586.00227141574010     
   578.80352745321818     
   579.31374235462988     
   579.68741673064142     
   580.05377030956618     
   580.41787718925741     
   585.99486275441916     
   578.79638151912116     
   579.30658988420441     
   579.68025947255217     
   580.04660835716777     
   580.41071057092677     
   585.98744009480129     
   578.78922208123572     
   579.29942389764199     
   579.67308868928001     
   580.03943287071888     
   580.40353040973218     
   585.98000342964383     
   578.78204913250295     
   579.29224438787958     
   579.66590437376033     
   580.03224384314967     
   580.39633669859745     
   585.97255275173472     
   578.77486266590336     
   579.28505134788941     
   579.65870651895852     
   580.02504126742235     
   580.38912943048194     
   585.96508805389965     
   578.76766267444805     
   579.27784477067644     
   579.65149511787592     
   580.01782513653188     
   580.38190859837573     
   585.95760932899589     
   578.76044915117643     
   579.27062464927565     
   579.64427016354318     
   580.01059544350562     
   580.37467419530151     
   585.95011656991483     
   578.75322208917453     
   579.26339097676362     
   579.63703164903188     
   580.00335218140992     
   580.36742621432109     
   585.94260976958833     
   578.74598148153575     
   579.25614374622990     
   579.62977956742611     
   579.99609534332512     
   580.36016464851070     
   585.93508892096440     
   578.73872732140353     
   579.24888295081109     
   579.62251391185941     
   579.98882492238033     
   580.35288949099470     
   585.92755401704005     
   578.73145960194097     
   579.24160858366440     
   579.61523467548375     
   579.98154091172228     
   580.34560073491548     
   585.92000505083286     
   578.72417831634971     
   579.23432063798464     
   579.60794185149018     
   579.97424330453862     
   580.33829837345661     
   585.91244201540076     
   578.71688345785185     
   579.22701910698754     
   579.60063543308888     
   579.96693209403441     
   580.33098239981791     
   585.90486490382148     
   578.70957501970190     
   579.21970398392398     
   579.59331541352674     
   579.95960727345209     
   580.32365280723855     
   585.89727370921185     
   578.70225299519404     
   579.21237526207824     
   579.58598178608349     
   579.95226883606790     
   580.31630958899007     
   585.88966842472394     
   578.69491737763417     
   579.20503293475383     
   579.57863454405810     
   579.94491677517510     
   580.30895273836052     
   585.88204904352608     
   578.68756816036205     
   579.19767699528290     
   579.57127368077875     
   579.93755108409891     
   580.30158224867250     
   585.87441555882310     
   578.68020533674451     
   579.19030743702501     
   579.56389918960053     
   579.93017175618934     
   580.29419811327045     
   585.86676796384302     
   578.67282890018180     
   579.18292425337609     
   579.55651106391497     
   579.92277878483401     
   580.28680032553848     
   585.85910625185443     
   578.66543884409202     
   579.17552743774854     
   579.54910929713014     
   579.91537216343613     
   580.27938887887456     
   585.85143041614140     
   578.65803516192932     
   579.16811698358913     
   579.54169388268770     
   579.90795188543382     
   580.27196376671372     
   585.84374045002642     
   578.65061784715510     
   579.16069288435506     
   579.53426481404188     
   579.90051794427734     
   580.26452498250171     
   585.83603634684300     
   578.64318689328184     
   579.15325513355162     
   579.52682208469264     
   579.89307033346165     
   580.25707251972960     
   585.82831809997208     
   578.63574229382721     
   579.14580372469175     
   579.51936568814892     
   579.88560904649182     
   580.24960637189702     
   585.82058570280412     
   578.62828404234131     
   579.13833865131903     
   579.51189561795093     
   579.87813407690396     
   580.24212653253767     
   585.81283914876451     
   578.62081213240208     
   579.13085990700620     
   579.50441186766557     
   579.87064541825998     
   580.23463299520768     
   585.80507843130192     
   578.61332655760702     
   579.12336748534312     
   579.49691443087943     
   579.86314306414374     
   580.22712575348794     
   585.79730354389278     
   578.60582731157035     
   579.11586137994004     
   579.48940330119865     
   579.85562700815626     
   580.21960480097516     
   585.78951448002749     
   578.59831438794038     
   579.10834158444061     
   579.48187847226268     
   579.84809724393347     
   580.21207013130106     
   585.78171123323500     
   578.59078778039100     
   579.10080809251019     
   579.47433993773211     
   579.84055376513106     
   580.20452173811714     
   585.77389379706449     
   578.58324748260532     
   579.09326089782780     
   579.46678769128278     
   579.83299656542215     
   580.19695961509228     
   585.76606216508287     
   578.57569348829838     
   579.08569999410270     
   579.45922172661835     
   579.82542563850495     
   580.18938375592120     
   585.75821633088447     
   578.56812579120572     
   579.07812537506504     
   579.45164203746606     
   579.81784097810305     
   580.18179415432292     
   585.75035628808962     
   578.56054438508261     
   579.07053703446388     
   579.44404861757027     
   579.81024257795787     
   580.17419080403567     
   585.74248203033756     
   578.55294926370800     
   579.06293496607270     
   579.43644146070073     
   579.80263043183334     
   580.16657369881875     
   585.73459355129069     
   578.54534042087778     
   579.05531916368307     
   579.42882056064536     
   579.79500453351454     
   580.15894283245279     
   585.72669084463428     
   578.53771785041192     
   579.04768962110734     
   579.42118591121118     
   579.78736487680442     
   580.15129819873744     
   585.71877390407155     
   578.53008154615009     
   579.04004633218040     
   579.41353750622955     
   579.77971145553011     
   580.14363979149675     
   585.71084272333246     
   578.52243150195136     
   579.03238929075678     
   579.40587533955159     
   579.77204426353865     
   580.13596760457187     
   585.70289729616570     
   578.51476771169507     
   579.02471849070810     
   579.39819940504412     
   579.76436329469334     
   580.12828163182360     
   585.69493761633930     
   578.50709016927647     
   579.01703392592754     
   579.39050969659684     
   579.75666854287942     
   580.12058186713227     
   585.68696367764267     
   578.49939886861932     
   579.00933559033069     
   579.38280620812111     
   579.74896000200431     
   580.11286830440258     
   585.67897547388986     
   578.49169380365799     
   579.00162347784692     
   579.37508893354209     
   579.74123766599007     
   580.10514093755182     
   585.67097299890884     
   578.48397496834389     
   578.99389758242251     
   579.36735786680231     
   579.73350152877424     
   580.09739976051389     
   585.66295624654560     
   578.47624235665307     
   578.98615789802830     
   579.35961300186841     
   579.72575158432028     
   580.08964476724884     
   585.65492521067199     
   578.46849596257880     
   578.97840441865128     
   579.35185433272432     
   579.71798782660903     
   580.08187595173251     
   585.64687988517778     
   578.46073578012442     
   578.97063713829095     
   579.34408185336429     
   579.71021024962829     
   580.07409330794997     
   585.63882026396220     
   578.45296180331945     
   578.96285605097012     
   579.33629555780783     
   579.70241884739630     
   580.06629682991536     
   585.63074634095460     
   578.44517402620932     
   578.95506115072976     
   579.32849544009230     
   579.69461361394576     
   580.05848651165741     
   585.62265811009991     
   578.43737244285660     
   578.94725243162566     
   579.32068149426948     
   579.68679454332494     
   580.05066234722040     
   585.61455556535964     
   578.42955704733095     
   578.93942988772449     
   579.31285371440197     
   579.67896162959107     
   580.04282433065828     
   585.60643870070464     
   578.42172783373610     
   578.93159351312204     
   579.30501209458112     
   579.67111486683302     
   580.03497245605536     
   585.59830751013897     
   578.41388479617365     
   578.92374330191694     
   579.29715662890180     
   579.66325424914214     
   580.02710671750037     
   585.59016198767051     
   578.40602792877712     
   578.91587924823705     
   579.28928731148926     
   579.65537977063934     
   580.01922710910958     
   585.58200212733630     
   578.39815722568414     
   578.90800134621327     
   579.28140413646986     
   579.64749142544701     
   580.01133362500173     
   585.57382792317560     
   578.39027268105156     
   578.90010958999903     
   579.27350709799259     
   579.63958920771097     
   580.00342625931910     
   585.56563936925374     
   578.38237428906143     
   578.89220397376903     
   579.26559619022885     
   579.63167311159873     
   579.99550500622502     
   585.55743645965663     
   578.37446204389153     
   578.88428449169760     
   579.25767140734956     
   579.62374313127657     
   579.98756985988348     
   585.54921918847106     
   578.36653593974972     
   578.87635113798740     
   579.24973274355284     
   579.61579926094032     
   579.97962081448463     
   585.54098754981294     
   578.35859597085687     
   578.86840390685245     
   579.24178019304929     
   579.60784149479605     
   579.97165786423216     
   585.53274153781081     
   578.35064213144199     
   578.86044279251814     
   579.23381375005988     
   579.59986982706096     
   579.96368100333893     
   585.52448114660353     
   578.34267441575651     
   578.85246778923067     
   579.22583340882795     
   579.59188425197488     
   579.95569022604150     
   585.51620637035512     
   578.33469281805890     
   578.84447889124328     
   579.21783916360278     
   579.58388476378332     
   579.94768552658138     
   585.50791720323411     
   578.32669733262412     
   578.83647609282525     
   579.20983100864987     
   579.57587135674839     
   579.93966689921785     
   585.49961363942850     
   578.31868795374373     
   578.82845938826358     
   579.20180893825227     
   579.56784402514927     
   579.93163433822463     
   585.49129567314105     
   578.31066467572418     
   578.82042877185870     
   579.19377294670664     
   579.55980276327864     
   579.92358783789302     
   585.48296329859352     
   578.30262749287510     
   578.81238423791660     
   579.18572302831490     
   579.55174756543522     
   579.91552739251676     
   585.47461651000981     
 
