 temps(s)Temperature(K)
   10.000000000000000        435.58547347749754     
   20.000000000000000        525.52170267248152     
   30.000000000000000        536.73947159017644     
   40.000000000000000        536.15537599203265     
   50.000000000000000        536.44823420116370     
   60.000000000000000        536.70692392425667     
   70.000000000000000        536.94883670971660     
   80.000000000000000        537.18098451361413     
   90.000000000000000        537.40321464450494     
   100.00000000000000        537.61645468629240     
   110.00000000000000        537.82142692813500     
   120.00000000000000        538.01878464627009     
   130.00000000000000        538.20911370759961     
   140.00000000000000        538.39294036412650     
   150.00000000000000        538.57073826294265     
   160.00000000000000        538.74293447476259     
   170.00000000000000        538.90991479526792     
   180.00000000000000        539.07202839247350     
   190.00000000000000        539.22959188655045     
   200.00000000000000        539.38289293447394     
   210.00000000000000        539.53219338259510     
   220.00000000000000        539.67773204195669     
   230.00000000000000        539.81972713400535     
   240.00000000000000        539.95837844810774     
   250.00000000000000        540.09386924695195     
   260.00000000000000        540.22636795119672     
   270.00000000000000        540.35602963068823     
   280.00000000000000        540.48299732606438     
   290.00000000000000        540.60740322149024     
   300.00000000000000        540.72936968664510     
   310.00000000000000        540.84901020372911     
   320.00000000000000        540.96643019331498     
   330.00000000000000        541.08172775107801     
   340.00000000000000        541.19499430595488     
   350.00000000000000        541.30631520894224     
   360.00000000000000        541.41577026061157     
   370.00000000000000        541.52343418442479     
   380.00000000000000        541.62937705202478     
   390.00000000000000        541.73366466597884     
   400.00000000000000        541.83635890472840     
   410.00000000000000        541.93751803396037     
   420.00000000000000        542.03719698808777     
   430.00000000000000        542.13544762511287     
   440.00000000000000        542.23231895772119     
   450.00000000000000        542.32785736315452     
   460.00000000000000        542.42210677409366     
   470.00000000000000        542.51510885253515     
   480.00000000000000        542.60690314840588     
   490.00000000000000        542.69752724446585     
   500.00000000000000        542.78701688889089     
   510.00000000000000        542.87540611673910     
   520.00000000000000        542.96272736140304     
   530.00000000000000        543.04901155700645     
   540.00000000000000        543.13428823262029     
   550.00000000000000        543.21858559905525     
   560.00000000000000        543.30193062892943     
   570.00000000000000        543.38434913062167     
   580.00000000000000        543.46586581667634     
   590.00000000000000        543.54650436713212     
   600.00000000000000        543.62628748824079     
   610.00000000000000        543.70523696697308     
   620.00000000000000        543.78337372165333     
   630.00000000000000        543.86071784908222     
   640.00000000000000        543.93728866841604     
   650.00000000000000        544.01310476207277     
   660.00000000000000        544.08818401391329     
   670.00000000000000        544.16254364491260     
   680.00000000000000        544.23620024651041     
   690.00000000000000        544.30916981184885     
   700.00000000000000        544.38146776501435     
   710.00000000000000        544.45310898848379     
   720.00000000000000        544.52410784888070     
   730.00000000000000        544.59447822116454     
   740.00000000000000        544.66423351139508     
   750.00000000000000        544.73338667814028     
   760.00000000000000        544.80195025264049     
   770.00000000000000        544.86993635782960     
   780.00000000000000        544.93735672626769     
   790.00000000000000        545.00422271706998     
   800.00000000000000        545.07054533191160     
   810.00000000000000        545.13633523015710     
   820.00000000000000        545.20160274316618     
   830.00000000000000        545.26635788785541     
   840.00000000000000        545.33061037953587     
   850.00000000000000        545.39436964409185     
   860.00000000000000        545.45764482952916     
   870.00000000000000        545.52044481695179     
   880.00000000000000        545.58277823097944     
   890.00000000000000        545.64465344964947     
   900.00000000000000        545.70607861383564     
   910.00000000000000        545.76706163622839     
   920.00000000000000        545.82761020986584     
   930.00000000000000        545.88773181626721     
   940.00000000000000        545.94743373319773     
   950.00000000000000        546.00672304206114     
   960.00000000000000        546.06560663497021     
   970.00000000000000        546.12409122148154     
   980.00000000000000        546.18218333504410     
   990.00000000000000        546.23988933915507     
   1000.0000000000000        546.29721543324729     
   1010.0000000000000        546.35416765832906     
   1020.0000000000000        546.41075190236882     
   1030.0000000000000        546.46697390547354     
   1040.0000000000000        546.52283926482187     
   1050.0000000000000        546.57835343941542     
   1060.0000000000000        546.63352175462944     
   1070.0000000000000        546.68834940656711     
   1080.0000000000000        546.74284146624939     
   1090.0000000000000        546.79700288363847     
   1100.0000000000000        546.85083849149441     
   1110.0000000000000        546.90435300907609     
   1120.0000000000000        546.95755104572186     
   1130.0000000000000        547.01043710426097     
   1140.0000000000000        547.06301558431494     
   1150.0000000000000        547.11529078547096     
   1160.0000000000000        547.16726691032750     
   1170.0000000000000        547.21894806743626     
   1180.0000000000000        547.27033827412811     
   1190.0000000000000        547.32144145923326     
   1200.0000000000000        547.37226146572266     
   1210.0000000000000        547.42280205321549     
   1220.0000000000000        547.47306690044172     
   1230.0000000000000        547.52305960757246     
   1240.0000000000000        547.57278369850849     
   1250.0000000000000        547.62224262305824     
   1260.0000000000000        547.67143975905196     
   1270.0000000000000        547.72037841438373     
   1280.0000000000000        547.76906182898188     
   1290.0000000000000        547.81749317670597     
   1300.0000000000000        547.86567556718819     
   1310.0000000000000        547.91361204760437     
   1320.0000000000000        547.96130560439497     
   1330.0000000000000        548.00875916491941     
   1340.0000000000000        548.05597559905323     
   1350.0000000000000        548.10295772074903     
   1360.0000000000000        548.14970828953415     
   1370.0000000000000        548.19623001194543     
   1380.0000000000000        548.24252554295333     
   1390.0000000000000        548.28859748730417     
   1400.0000000000000        548.33444840083803     
   1410.0000000000000        548.38008079176916     
   1420.0000000000000        548.42549712190066     
   1430.0000000000000        548.47069980783317     
   1440.0000000000000        548.51569122211220     
   1450.0000000000000        548.56047369434032     
   1460.0000000000000        548.60504951227620     
   1470.0000000000000        548.64942092287106     
   1480.0000000000000        548.69359013329381     
   1490.0000000000000        548.73755931191545     
   1500.0000000000000        548.78133058926164     
   1510.0000000000000        548.82490605894623     
   1520.0000000000000        548.86828777856499     
   1530.0000000000000        548.91147777056699     
   1540.0000000000000        548.95447802310605     
   1550.0000000000000        548.99729049085363     
   1560.0000000000000        549.03991709579907     
   1570.0000000000000        549.08235972801799     
   1580.0000000000000        549.12462024642764     
   1590.0000000000000        549.16670047950765     
   1600.0000000000000        549.20860222600595     
   1610.0000000000000        549.25032725563165     
   1620.0000000000000        549.29187730971523     
   1630.0000000000000        549.33325410184909     
   1640.0000000000000        549.37445931852574     
   1650.0000000000000        549.41549461973841     
   1660.0000000000000        549.45636163958534     
   1670.0000000000000        549.49706198682486     
   1680.0000000000000        549.53759724545478     
   1690.0000000000000        549.57796897524599     
   1700.0000000000000        549.61817871226754     
   1710.0000000000000        549.65822796940722     
   1720.0000000000000        549.69811823686757     
   1730.0000000000000        549.73785098264500     
   1740.0000000000000        549.77742765301389     
   1750.0000000000000        549.81684967297213     
   1760.0000000000000        549.85611844669916     
   1770.0000000000000        549.89523535797650     
   1780.0000000000000        549.93420177062546     
   1790.0000000000000        549.97301902890331     
   1800.0000000000000        550.01168845791483     
   1810.0000000000000        550.05021136399182     
   1820.0000000000000        550.08858903507848     
   1830.0000000000000        550.12682274109852     
   1840.0000000000000        550.16491373431131     
   1850.0000000000000        550.20286324966412     
   1860.0000000000000        550.24067250512962     
   1870.0000000000000        550.27834270204016     
   1880.0000000000000        550.31587502541333     
   1890.0000000000000        550.35327064425735     
   1900.0000000000000        550.39053071188277     
   1910.0000000000000        550.42765636620356     
   1920.0000000000000        550.46464873002594     
   1930.0000000000000        550.50150891132796     
   1940.0000000000000        550.53823800354564     
   1950.0000000000000        550.57483708582708     
   1960.0000000000000        550.61130722331541     
   1970.0000000000000        550.64764946738228     
   1980.0000000000000        550.68386485590111     
   1990.0000000000000        550.71995441347178     
   2000.0000000000000        550.75591915166774     
   2010.0000000000000        550.79176006926718     
   2020.0000000000000        550.82747815247728     
   2030.0000000000000        550.86307437515779     
   2040.0000000000000        550.89854969903433     
   2050.0000000000000        550.93390507390859     
   2060.0000000000000        550.96914143786921     
   2070.0000000000000        551.00425971748155     
   2080.0000000000000        551.03926082799671     
   2090.0000000000000        551.07414567353180     
   2100.0000000000000        551.10891514726598     
   2110.0000000000000        551.14357013161691     
   2120.0000000000000        551.17811149841748     
   2130.0000000000000        551.21254010909956     
   2140.0000000000000        551.24685681485516     
   2150.0000000000000        551.28106245680669     
   2160.0000000000000        551.31515786617069     
   2170.0000000000000        551.34914386441460     
   2180.0000000000000        551.38302126341466     
   2190.0000000000000        551.41679086560555     
   2200.0000000000000        551.45045346413315     
   2210.0000000000000        551.48400984299474     
   2220.0000000000000        551.51746077718963     
   2230.0000000000000        551.55080703284739     
   2240.0000000000000        551.58404936737588     
   2250.0000000000000        551.61718852958802     
   2260.0000000000000        551.65022525982988     
   2270.0000000000000        551.68316029011896     
   2280.0000000000000        551.71599434426071     
   2290.0000000000000        551.74872813796856     
   2300.0000000000000        551.78136237900151     
   2310.0000000000000        551.81389776725598     
   2320.0000000000000        551.84633499490678     
   2330.0000000000000        551.87867474649829     
   2340.0000000000000        551.91091769906927     
   2350.0000000000000        551.94306452225680     
   2360.0000000000000        551.97511587840495     
   2370.0000000000000        552.00707242266287     
   2380.0000000000000        552.03893480309307     
   2390.0000000000000        552.07070366076732     
   2400.0000000000000        552.10237962986957     
   2410.0000000000000        552.13396333779224     
   2420.0000000000000        552.16545540522134     
   2430.0000000000000        552.19685644624008     
   2440.0000000000000        552.22816706841820     
   2450.0000000000000        552.25938787289442     
   2460.0000000000000        552.29051945447134     
   2470.0000000000000        552.32156240169945     
   2480.0000000000000        552.35251729695699     
   2490.0000000000000        552.38338471653833     
   2500.0000000000000        552.41416523073474     
   2510.0000000000000        552.44485940391212     
   2520.0000000000000        552.47546779459083     
   2530.0000000000000        552.50599095552047     
   2540.0000000000000        552.53642943375780     
   2550.0000000000000        552.56678377074263     
   2560.0000000000000        552.59705450236606     
   2570.0000000000000        552.62724215904677     
   2580.0000000000000        552.65734726580138     
   2590.0000000000000        552.68737034230651     
   2600.0000000000000        552.71731190297714     
   2610.0000000000000        552.74717245703073     
   2620.0000000000000        552.77695250854583     
   2630.0000000000000        552.80665255653503     
   2640.0000000000000        552.83627309500855     
   2650.0000000000000        552.86581461303035     
   2660.0000000000000        552.89527759478688     
   2670.0000000000000        552.92466251964117     
   2680.0000000000000        552.95396986219896     
   2690.0000000000000        552.98320009236238     
   2700.0000000000000        553.01235367538970     
   2710.0000000000000        553.04143107195171     
   2720.0000000000000        553.07043273819056     
   2730.0000000000000        553.09935912576441     
   2740.0000000000000        553.12821068191909     
   2750.0000000000000        553.15698784952428     
   2760.0000000000000        553.18569106713619     
   2770.0000000000000        553.21432076904637     
   2780.0000000000000        553.24287738533008     
   2790.0000000000000        553.27136134190107     
   2800.0000000000000        553.29977306055900     
   2810.0000000000000        553.32811295903537     
   2820.0000000000000        553.35638145104531     
   2830.0000000000000        553.38457894633211     
   2840.0000000000000        553.41270585071766     
   2850.0000000000000        553.44076256614233     
   2860.0000000000000        553.46874949071537     
   2870.0000000000000        553.49666701875378     
   2880.0000000000000        553.52451554083495     
   2890.0000000000000        553.55229544382848     
   2900.0000000000000        553.58000711095076     
   2910.0000000000000        553.60765092179452     
   2920.0000000000000        553.63522725238272     
   2930.0000000000000        553.66273647520052     
   2940.0000000000000        553.69017895923639     
   2950.0000000000000        553.71755507002683     
   2960.0000000000000        553.74486516969148     
   2970.0000000000000        553.77210961697199     
   2980.0000000000000        553.79928876727115     
   2990.0000000000000        553.82640297268961     
   3000.0000000000000        553.85345258206371     
   3010.0000000000000        553.88043794100099     
   3020.0000000000000        553.90735939191666     
   3030.0000000000000        553.93421727407053     
   3040.0000000000000        553.96101192359868     
   3050.0000000000000        553.98774367355281     
   3060.0000000000000        554.01441285392877     
   3070.0000000000000        554.04101979170480     
   3080.0000000000000        554.06756481087598     
   3090.0000000000000        554.09404823247780     
   3100.0000000000000        554.12047037463242     
   3110.0000000000000        554.14683155256955     
   3120.0000000000000        554.17313207865982     
   3130.0000000000000        554.19937226245122     
   3140.0000000000000        554.22555241069711     
   3150.0000000000000        554.25167282738425     
   3160.0000000000000        554.27773381376392     
   3170.0000000000000        554.30373566838375     
   3180.0000000000000        554.32967868711603     
   3190.0000000000000        554.35556316318184     
   3200.0000000000000        554.38138938719135     
   3210.0000000000000        554.40715764715742     
   3220.0000000000000        554.43286822853122     
   3230.0000000000000        554.45852141423336     
   3240.0000000000000        554.48411748467072     
   3250.0000000000000        554.50965671777533     
   3260.0000000000000        554.53513938901574     
   3270.0000000000000        554.56056577143977     
   3280.0000000000000        554.58593613568951     
   3290.0000000000000        554.61125075002997     
   3300.0000000000000        554.63650988037307     
   3310.0000000000000        554.66171379030573     
   3320.0000000000000        554.68686274111019     
   3330.0000000000000        554.71195699179395     
   3340.0000000000000        554.73699679910374     
   3350.0000000000000        554.76198241756344     
   3360.0000000000000        554.78691409948487     
   3370.0000000000000        554.81179209499658     
   3380.0000000000000        554.83661665207023     
   3390.0000000000000        554.86138801653271     
   3400.0000000000000        554.88610643209984     
   3410.0000000000000        554.91077214039115     
   3420.0000000000000        554.93538538095652     
   3430.0000000000000        554.95994639129322     
   3440.0000000000000        554.98445540686964     
   3450.0000000000000        555.00891266114888     
   3460.0000000000000        555.03331838560280     
   3470.0000000000000        555.05767280974146     
   3480.0000000000000        555.08197616112329     
   3490.0000000000000        555.10622866538597     
   3500.0000000000000        555.13043054625973     
   3510.0000000000000        555.15458202558580     
   3520.0000000000000        555.17868332334115     
   3530.0000000000000        555.20273465765501     
   3540.0000000000000        555.22673624482809     
   3550.0000000000000        555.25068829934742     
   3560.0000000000000        555.27459103391811     
   3570.0000000000000        555.29844465946144     
   3580.0000000000000        555.32224938515094     
   3590.0000000000000        555.34600541842144     
   3600.0000000000000        555.36971296498905     
   3610.0000000000000        555.39337222886945     
   3620.0000000000000        555.41698341239260     
   3630.0000000000000        555.44054671622325     
   3640.0000000000000        555.46406233937739     
   3650.0000000000000        555.48753047923492     
   3660.0000000000000        555.51095133156127     
   3670.0000000000000        555.53432509052402     
   3680.0000000000000        555.55765194870219     
   3690.0000000000000        555.58093209711319     
   3700.0000000000000        555.60416572521842     
   3710.0000000000000        555.62735302094438     
   3720.0000000000000        555.65049417069872     
   3730.0000000000000        555.67358935938341     
   3740.0000000000000        555.69663877041148     
   3750.0000000000000        555.71964258571745     
   3760.0000000000000        555.74260098578065     
   3770.0000000000000        555.76551414963501     
   3780.0000000000000        555.78838225488039     
   3790.0000000000000        555.81120547770274     
   3800.0000000000000        555.83398399288660     
   3810.0000000000000        555.85671797382963     
   3820.0000000000000        555.87940759255400     
   3830.0000000000000        555.90205301972208     
   3840.0000000000000        555.92465442465129     
   3850.0000000000000        555.94721197532363     
   3860.0000000000000        555.96972583840113     
   3870.0000000000000        555.99219617924518     
   3880.0000000000000        556.01462316191839     
   3890.0000000000000        556.03700694920360     
   3900.0000000000000        556.05934770261968     
   3910.0000000000000        556.08164558242777     
   3920.0000000000000        556.10390074764598     
   3930.0000000000000        556.12611335606653     
   3940.0000000000000        556.14828356425789     
   3950.0000000000000        556.17041152758702     
   3960.0000000000000        556.19249740022610     
   3970.0000000000000        556.21454133516613     
   3980.0000000000000        556.23654348422872     
   3990.0000000000000        556.25850399807609     
   4000.0000000000000        556.28042302622123     
   4010.0000000000000        556.30230071704568     
   4020.0000000000000        556.32413721780597     
   4030.0000000000000        556.34593267464254     
   4040.0000000000000        556.36768723259570     
   4050.0000000000000        556.38940103561413     
   4060.0000000000000        556.41107422656751     
   4070.0000000000000        556.43270694725459     
   4080.0000000000000        556.45429933841297     
   4090.0000000000000        556.47585153973432     
   4100.0000000000000        556.49736368987067     
   4110.0000000000000        556.51883592644447     
   4120.0000000000000        556.54026838606183     
   4130.0000000000000        556.56166120431999     
   4140.0000000000000        556.58301451581872     
   4150.0000000000000        556.60432845416881     
   4160.0000000000000        556.62560315199914     
   4170.0000000000000        556.64683874097784     
   4180.0000000000000        556.66803535180156     
   4190.0000000000000        556.68919311422837     
   4200.0000000000000        556.71031215706648     
   4210.0000000000000        556.73139260819778     
   4220.0000000000000        556.75243459457954     
   4230.0000000000000        556.77343824225341     
   4240.0000000000000        556.79440367636118     
   4250.0000000000000        556.81533102114417     
   4260.0000000000000        556.83622039995805     
   4270.0000000000000        556.85707193528049     
   4280.0000000000000        556.87788574871934     
   4290.0000000000000        556.89866196101821     
   4300.0000000000000        556.91940069207203     
   4310.0000000000000        556.94010206092548     
   4320.0000000000000        556.96076618579400     
   4330.0000000000000        556.98139318405595     
   4340.0000000000000        557.00198317227432     
   4350.0000000000000        557.02253626619836     
   4360.0000000000000        557.04305258077250     
   4370.0000000000000        557.06353223014378     
   4380.0000000000000        557.08397532767151     
   4390.0000000000000        557.10438198593067     
   4400.0000000000000        557.12475231672352     
   4410.0000000000000        557.14508643108934     
   4420.0000000000000        557.16538443930290     
   4430.0000000000000        557.18564645088622     
   4440.0000000000000        557.20587257462307     
   4450.0000000000000        557.22606291855527     
   4460.0000000000000        557.24621758999217     
   4470.0000000000000        557.26633669552655     
   4480.0000000000000        557.28642034102654     
   4490.0000000000000        557.30646863165862     
   4500.0000000000000        557.32648167187904     
   4510.0000000000000        557.34645956545364     
   4520.0000000000000        557.36640241545604     
   4530.0000000000000        557.38631032427702     
   4540.0000000000000        557.40618339363402     
   4550.0000000000000        557.42602172456964     
   4560.0000000000000        557.44582541746672     
   4570.0000000000000        557.46559457205035     
   4580.0000000000000        557.48532928739269     
   4590.0000000000000        557.50502966192414     
   4600.0000000000000        557.52469579343472     
   4610.0000000000000        557.54432777908266     
   4620.0000000000000        557.56392571540243     
   4630.0000000000000        557.58348969830024     
   4640.0000000000000        557.60301982307305     
   4650.0000000000000        557.62251618441132     
   4660.0000000000000        557.64197887639932     
   4670.0000000000000        557.66140799251968     
   4680.0000000000000        557.68080362567412     
   4690.0000000000000        557.70016586816791     
   4700.0000000000000        557.71949481173033     
   4710.0000000000000        557.73879054751592     
   4720.0000000000000        557.75805316610888     
   4730.0000000000000        557.77728275752622     
   4740.0000000000000        557.79647941123062     
   4750.0000000000000        557.81564321612859     
   4760.0000000000000        557.83477426057857     
   4770.0000000000000        557.85387263239193     
   4780.0000000000000        557.87293841884900     
   4790.0000000000000        557.89197170669115     
   4800.0000000000000        557.91097258213438     
   4810.0000000000000        557.92994113086695     
   4820.0000000000000        557.94887743806464     
   4830.0000000000000        557.96778158838629     
   4840.0000000000000        557.98665366598038     
   4850.0000000000000        558.00549375449441     
   4860.0000000000000        558.02430193707460     
   4870.0000000000000        558.04307829637480     
   4880.0000000000000        558.06182291455423     
   4890.0000000000000        558.08053587329107     
   4900.0000000000000        558.09921725378013     
   4910.0000000000000        558.11786713673757     
   4920.0000000000000        558.13648560241279     
   4930.0000000000000        558.15507273058176     
   4940.0000000000000        558.17362860055925     
   4950.0000000000000        558.19215329120254     
   4960.0000000000000        558.21064688090826     
   4970.0000000000000        558.22910944762953     
   4980.0000000000000        558.24754106886576     
   4990.0000000000000        558.26594182167980     
   5000.0000000000000        558.28431178269159     
   5010.0000000000000        558.30265102809074     
   5020.0000000000000        558.32095963362985     
   5030.0000000000000        558.33923767464182     
   5040.0000000000000        558.35748522603171     
   5050.0000000000000        558.37570236228885     
   5060.0000000000000        558.39388915748600     
   5070.0000000000000        558.41204568528644     
   5080.0000000000000        558.43017201894395     
   5090.0000000000000        558.44826823130973     
   5100.0000000000000        558.46633439483367     
   5110.0000000000000        558.48437058157322     
   5120.0000000000000        558.50237686318474     
   5130.0000000000000        558.52035331094203     
   5140.0000000000000        558.53829999573577     
   5150.0000000000000        558.55621698806431     
   5160.0000000000000        558.57410435805673     
   5170.0000000000000        558.59196217546094     
   5180.0000000000000        558.60979050965500     
   5190.0000000000000        558.62758942964774     
   5200.0000000000000        558.64535900408305     
   5210.0000000000000        558.66309930124157     
   5220.0000000000000        558.68081038904791     
   5230.0000000000000        558.69849233506875     
   5240.0000000000000        558.71614520651735     
   5250.0000000000000        558.73376907026181     
   5260.0000000000000        558.75136399281723     
   5270.0000000000000        558.76893004036322     
   5280.0000000000000        558.78646727873445     
   5290.0000000000000        558.80397577342842     
   5300.0000000000000        558.82145558961531     
   5310.0000000000000        558.83890679212266     
   5320.0000000000000        558.85632944545955     
   5330.0000000000000        558.87372361380687     
   5340.0000000000000        558.89108936102195     
   5350.0000000000000        558.90842675064494     
   5360.0000000000000        558.92573584589604     
   5370.0000000000000        558.94301670968355     
   5380.0000000000000        558.96026940460683     
   5390.0000000000000        558.97749399295412     
   5400.0000000000000        558.99469053670668     
   5410.0000000000000        559.01185909754588     
   5420.0000000000000        559.02899973684998     
   5430.0000000000000        559.04611251570145     
   5440.0000000000000        559.06319749488966     
   5450.0000000000000        559.08025473490841     
   5460.0000000000000        559.09728429595839     
   5470.0000000000000        559.11428623795814     
   5480.0000000000000        559.13126062054198     
   5490.0000000000000        559.14820750305432     
   5500.0000000000000        559.16512694456935     
   5510.0000000000000        559.18201900387442     
   5520.0000000000000        559.19888373948913     
   5530.0000000000000        559.21572120965436     
   5540.0000000000000        559.23253147234630     
   5550.0000000000000        559.24931458526476     
   5560.0000000000000        559.26607060585172     
   5570.0000000000000        559.28279959128099     
   5580.0000000000000        559.29950159846749     
   5590.0000000000000        559.31617668406500     
   5600.0000000000000        559.33282490447198     
   5610.0000000000000        559.34944631583039     
   5620.0000000000000        559.36604097402778     
   5630.0000000000000        559.38260893470829     
   5640.0000000000000        559.39915025326059     
   5650.0000000000000        559.41566498483235     
   5660.0000000000000        559.43215318432487     
   5670.0000000000000        559.44861490639505     
   5680.0000000000000        559.46505020546203     
   5690.0000000000000        559.48145913570795     
   5700.0000000000000        559.49784175107766     
   5710.0000000000000        559.51419810528171     
   5720.0000000000000        559.53052825179941     
   5730.0000000000000        559.54683224387884     
   5740.0000000000000        559.56311013454183     
   5750.0000000000000        559.57936197658239     
   5760.0000000000000        559.59558782256920     
   5770.0000000000000        559.61178772484982     
   5780.0000000000000        559.62796173555114     
   5790.0000000000000        559.64410990658075     
   5800.0000000000000        559.66023228962820     
   5810.0000000000000        559.67632893616997     
   5820.0000000000000        559.69239989746700     
   5830.0000000000000        559.70844522456991     
   5840.0000000000000        559.72446496831799     
   5850.0000000000000        559.74045917934200     
   5860.0000000000000        559.75642790806751     
   5870.0000000000000        559.77237120471602     
   5880.0000000000000        559.78828911930009     
   5890.0000000000000        559.80418170163944     
   5900.0000000000000        559.82004900134621     
   5910.0000000000000        559.83589106783734     
   5920.0000000000000        559.85170795033389     
   5930.0000000000000        559.86749969785978     
   5940.0000000000000        559.88326635924761     
   5950.0000000000000        559.89900798313488     
   5960.0000000000000        559.91472461797150     
   5970.0000000000000        559.93041631201459     
   5980.0000000000000        559.94608311334093     
   5990.0000000000000        559.96172506983180     
   6000.0000000000000        559.97734222919235     
   6010.0000000000000        559.99293463893889     
   6020.0000000000000        560.00850234641223     
   6030.0000000000000        560.02404539876522     
   6040.0000000000000        560.03956384297851     
   6050.0000000000000        560.05505772585161     
   6060.0000000000000        560.07052709401000     
   6070.0000000000000        560.08597199390556     
   6080.0000000000000        560.10139247181360     
   6090.0000000000000        560.11678857384311     
   6100.0000000000000        560.13216034592392     
   6110.0000000000000        560.14750783382578     
   6120.0000000000000        560.16283108314451     
   6130.0000000000000        560.17813013931459     
   6140.0000000000000        560.19340504759953     
   6150.0000000000000        560.20865585310253     
   6160.0000000000000        560.22388260076275     
   6170.0000000000000        560.23908533536007     
   6180.0000000000000        560.25426410150942     
   6190.0000000000000        560.26941894367405     
   6200.0000000000000        560.28454990615035     
   6210.0000000000000        560.29965703308767     
   6220.0000000000000        560.31474036847021     
   6230.0000000000000        560.32979995613539     
   6240.0000000000000        560.34483583976669     
   6250.0000000000000        560.35984806289184     
   6260.0000000000000        560.37483666889102     
   6270.0000000000000        560.38980170099398     
   6280.0000000000000        560.40474320228111     
   6290.0000000000000        560.41966121568669     
   6300.0000000000000        560.43455578399812     
   6310.0000000000000        560.44942694985991     
   6320.0000000000000        560.46427475576809     
   6330.0000000000000        560.47909924407611     
   6340.0000000000000        560.49390045699943     
   6350.0000000000000        560.50867843661160     
   6360.0000000000000        560.52343322484114     
   6370.0000000000000        560.53816486348421     
   6380.0000000000000        560.55287339419522     
   6390.0000000000000        560.56755885849418     
   6400.0000000000000        560.58222129776402     
   6410.0000000000000        560.59686075325067     
   6420.0000000000000        560.61147726606885     
   6430.0000000000000        560.62607087720141     
   6440.0000000000000        560.64064162749560     
   6450.0000000000000        560.65518955766959     
   6460.0000000000000        560.66971470831265     
   6470.0000000000000        560.68421711988219     
   6480.0000000000000        560.69869683271122     
   6490.0000000000000        560.71315388700145     
   6500.0000000000000        560.72758832282943     
   6510.0000000000000        560.74200018014699     
   6520.0000000000000        560.75638949878021     
   6530.0000000000000        560.77075631843377     
   6540.0000000000000        560.78510067868751     
   6550.0000000000000        560.79942261899714     
   6560.0000000000000        560.81372217870296     
   6570.0000000000000        560.82799939701965     
   6580.0000000000000        560.84225431304310     
   6590.0000000000000        560.85648696575311     
   6600.0000000000000        560.87069739401295     
   6610.0000000000000        560.88488563656119     
   6620.0000000000000        560.89905173202760     
   6630.0000000000000        560.91319571892507     
   6640.0000000000000        560.92731763564836     
   6650.0000000000000        560.94141752048426     
   6660.0000000000000        560.95549541159846     
   6670.0000000000000        560.96955134705217     
   6680.0000000000000        560.98358536479157     
   6690.0000000000000        560.99759750265002     
   6700.0000000000000        561.01158779835566     
   6710.0000000000000        561.02555628952416     
   6720.0000000000000        561.03950301366092     
   6730.0000000000000        561.05342800816743     
   6740.0000000000000        561.06733131033445     
   6750.0000000000000        561.08121295735089     
   6760.0000000000000        561.09507298629660     
   6770.0000000000000        561.10891143414426     
   6780.0000000000000        561.12272833776694     
   6790.0000000000000        561.13652373393063     
   6800.0000000000000        561.15029765929933     
   6810.0000000000000        561.16405015043676     
   6820.0000000000000        561.17778124380152     
   6830.0000000000000        561.19149097575280     
   6840.0000000000000        561.20517938254977     
   6850.0000000000000        561.21884650035099     
   6860.0000000000000        561.23249236521713     
   6870.0000000000000        561.24611701310994     
   6880.0000000000000        561.25972047988955     
   6890.0000000000000        561.27330280132799     
   6900.0000000000000        561.28686401309096     
   6910.0000000000000        561.30040415075359     
   6920.0000000000000        561.31392324979527     
   6930.0000000000000        561.32742134559965     
   6940.0000000000000        561.34089847345456     
   6950.0000000000000        561.35435466855688     
   6960.0000000000000        561.36778996601026     
   6970.0000000000000        561.38120440082355     
   6980.0000000000000        561.39459800791542     
   6990.0000000000000        561.40797082211463     
   7000.0000000000000        561.42132287815832     
   7010.0000000000000        561.43465421068879     
   7020.0000000000000        561.44796485426662     
   7030.0000000000000        561.46125484335755     
   7040.0000000000000        561.47452421234027     
   7050.0000000000000        561.48777299550602     
   7060.0000000000000        561.50100122705942     
   7070.0000000000000        561.51420894111561     
   7080.0000000000000        561.52739617170334     
   7090.0000000000000        561.54056295276882     
   7100.0000000000000        561.55370931816788     
   7110.0000000000000        561.56683530167879     
   7120.0000000000000        561.57994093698494     
   7130.0000000000000        561.59302625769499     
   7140.0000000000000        561.60609129732859     
   7150.0000000000000        561.61913608932514     
   7160.0000000000000        561.63216066704251     
   7170.0000000000000        561.64516506375207     
   7180.0000000000000        561.65814931265061     
   7190.0000000000000        561.67111344684440     
   7200.0000000000000        561.68405749936869     
   7210.0000000000000        561.69698150316901     
   7220.0000000000000        561.70988549112462     
   7230.0000000000000        561.72276949601792     
   7240.0000000000000        561.73563355057001     
   7250.0000000000000        561.74847768740926     
   7260.0000000000000        561.76130193909682     
   7270.0000000000000        561.77410633811053     
   7280.0000000000000        561.78689091685135     
   7290.0000000000000        561.79965570764716     
   7300.0000000000000        561.81240074274376     
   7310.0000000000000        561.82512605431862     
   7320.0000000000000        561.83783167446620     
   7330.0000000000000        561.85051763521324     
   7340.0000000000000        561.86318396850481     
   7350.0000000000000        561.87583070621804     
   7360.0000000000000        561.88845788015169     
   7370.0000000000000        561.90106552203633     
   7380.0000000000000        561.91365366352204     
   7390.0000000000000        561.92622233619340     
   7400.0000000000000        561.93877157155907     
   7410.0000000000000        561.95130140105664     
   7420.0000000000000        561.96381185605389     
   7430.0000000000000        561.97630296784291     
   7440.0000000000000        561.98877476765063     
   7450.0000000000000        562.00122728663257     
   7460.0000000000000        562.01366055587050     
   7470.0000000000000        562.02607460638035     
   7480.0000000000000        562.03846946910687     
   7490.0000000000000        562.05084517492787     
   7500.0000000000000        562.06320175465009     
   7510.0000000000000        562.07553923901537     
   7520.0000000000000        562.08785765869334     
   7530.0000000000000        562.10015704428940     
   7540.0000000000000        562.11243742634213     
   7550.0000000000000        562.12469883531980     
   7560.0000000000000        562.13694130163094     
   7570.0000000000000        562.14916485560934     
   7580.0000000000000        562.16136952752765     
   7590.0000000000000        562.17355534759599     
   7600.0000000000000        562.18572234594944     
   7610.0000000000000        562.19787055267102     
   7620.0000000000000        562.20999999777155     
   7630.0000000000000        562.22211071119546     
   7640.0000000000000        562.23420272283056     
   7650.0000000000000        562.24627606249419     
   7660.0000000000000        562.25833075994660     
   7670.0000000000000        562.27036684487962     
   7680.0000000000000        562.28238434692366     
   7690.0000000000000        562.29438329565187     
   7700.0000000000000        562.30636372056676     
   7710.0000000000000        562.31832565111563     
   7720.0000000000000        562.33026911668082     
   7730.0000000000000        562.34219414658685     
   7740.0000000000000        562.35410077009374     
   7750.0000000000000        562.36598901640150     
   7760.0000000000000        562.37785891465023     
   7770.0000000000000        562.38971049392012     
   7780.0000000000000        562.40154378323530     
   7790.0000000000000        562.41335881155157     
   7800.0000000000000        562.42515560777190     
   7810.0000000000000        562.43693420074021     
   7820.0000000000000        562.44869461923872     
   7830.0000000000000        562.46043689199132     
   7840.0000000000000        562.47216104766812     
   7850.0000000000000        562.48386711487797     
   7860.0000000000000        562.49555512216909     
   7870.0000000000000        562.50722509803745     
   7880.0000000000000        562.51887707092044     
   7890.0000000000000        562.53051106919543     
   7900.0000000000000        562.54212712118556     
   7910.0000000000000        562.55372525515884     
   7920.0000000000000        562.56530549932427     
   7930.0000000000000        562.57686788183787     
   7940.0000000000000        562.58841243079507     
   7950.0000000000000        562.59993917423890     
   7960.0000000000000        562.61144814016188     
   7970.0000000000000        562.62293935649132     
   7980.0000000000000        562.63441285110753     
   7990.0000000000000        562.64586865183435     
   8000.0000000000000        562.65730678643854     
   8010.0000000000000        562.66872728263650     
   8020.0000000000000        562.68013016808823     
   8030.0000000000000        562.69151547040019     
   8040.0000000000000        562.70288321712951     
   8050.0000000000000        562.71423343577192     
   8060.0000000000000        562.72556615377891     
   8070.0000000000000        562.73688139854323     
   8080.0000000000000        562.74817919740792     
   8090.0000000000000        562.75945957766135     
   8100.0000000000000        562.77072256654174     
   8110.0000000000000        562.78196819123468     
   8120.0000000000000        562.79319647887439     
   8130.0000000000000        562.80440745654232     
   8140.0000000000000        562.81560115127024     
   8150.0000000000000        562.82677759003616     
   8160.0000000000000        562.83793679977032     
   8170.0000000000000        562.84907880735148     
   8180.0000000000000        562.86020363960517     
   8190.0000000000000        562.87131132331035     
   8200.0000000000000        562.88240188519273     
   8210.0000000000000        562.89347535192962     
   8220.0000000000000        562.90453175014738     
   8230.0000000000000        562.91557110642498     
   8240.0000000000000        562.92659344729009     
   8250.0000000000000        562.93759879922243     
   8260.0000000000000        562.94858718864998     
   8270.0000000000000        562.95955864195571     
   8280.0000000000000        562.97051318546949     
   8290.0000000000000        562.98145084547912     
   8300.0000000000000        562.99237164821557     
   8310.0000000000000        563.00327561987001     
   8320.0000000000000        563.01416278658098     
   8330.0000000000000        563.02503317443768     
   8340.0000000000000        563.03588680948701     
   8350.0000000000000        563.04672371772529     
   8360.0000000000000        563.05754392509925     
   8370.0000000000000        563.06834745751439     
   8380.0000000000000        563.07913434082548     
   8390.0000000000000        563.08990460083760     
   8400.0000000000000        563.10065826331493     
   8410.0000000000000        563.11139535397456     
   8420.0000000000000        563.12211589848425     
   8430.0000000000000        563.13281992246573     
   8440.0000000000000        563.14350745149727     
   8450.0000000000000        563.15417851110828     
   8460.0000000000000        563.16483312678804     
   8470.0000000000000        563.17547132397590     
   8480.0000000000000        563.18609312806143     
   8490.0000000000000        563.19669856440100     
   8500.0000000000000        563.20728765829472     
   8510.0000000000000        563.21786043500344     
   8520.0000000000000        563.22841691974338     
   8530.0000000000000        563.23895713768218     
   8540.0000000000000        563.24948111394929     
   8550.0000000000000        563.25998887362357     
   8560.0000000000000        563.27048044174273     
   8570.0000000000000        563.28095584330265     
   8580.0000000000000        563.29141510325076     
   8590.0000000000000        563.30185824649334     
   8600.0000000000000        563.31228529789212     
   8610.0000000000000        563.32269628226857     
   8620.0000000000000        563.33309122439539     
   8630.0000000000000        563.34347014900652     
   8640.0000000000000        563.35383308079281     
   8650.0000000000000        563.36418004439759     
   8660.0000000000000        563.37451106442722     
   8670.0000000000000        563.38482616544275     
   8680.0000000000000        563.39512537196219     
   8690.0000000000000        563.40540870846348     
   8700.0000000000000        563.41567619937973     
   8710.0000000000000        563.42592786910279     
   8720.0000000000000        563.43616374198439     
   8730.0000000000000        563.44638384233144     
   8740.0000000000000        563.45658819441257     
   8750.0000000000000        563.46677682245013     
   8760.0000000000000        563.47694975063087     
   8770.0000000000000        563.48710700309607     
   8780.0000000000000        563.49724860394679     
   8790.0000000000000        563.50737457724426     
   8800.0000000000000        563.51748494700655     
   8810.0000000000000        563.52757973721202     
   8820.0000000000000        563.53765897179915     
   8830.0000000000000        563.54772267466524     
   8840.0000000000000        563.55777086966793     
   8850.0000000000000        563.56780358062110     
   8860.0000000000000        563.57782083130257     
   8870.0000000000000        563.58782264544823     
   8880.0000000000000        563.59780904675461     
   8890.0000000000000        563.60778005887869     
   8900.0000000000000        563.61773570543505     
   8910.0000000000000        563.62767601000076     
   8920.0000000000000        563.63760099611318     
   8930.0000000000000        563.64751068727116     
   8940.0000000000000        563.65740510693308     
   8950.0000000000000        563.66728427851695     
   8960.0000000000000        563.67714822540540     
   8970.0000000000000        563.68699697093905     
   8980.0000000000000        563.69683053841823     
   8990.0000000000000        563.70664895110872     
   9000.0000000000000        563.71645223223368     
   9010.0000000000000        563.72624040498283     
   9020.0000000000000        563.73601349250089     
   9030.0000000000000        563.74577151790083     
   9040.0000000000000        563.75551450425053     
   9050.0000000000000        563.76524247458565     
   9060.0000000000000        563.77495545190095     
   9070.0000000000000        563.78465345915265     
   9080.0000000000000        563.79433651926365     
   9090.0000000000000        563.80400465511070     
   9100.0000000000000        563.81365788954304     
   9110.0000000000000        563.82329624536260     
   9120.0000000000000        563.83291974534336     
   9130.0000000000000        563.84252841221542     
   9140.0000000000000        563.85212226867111     
   9150.0000000000000        563.86170133737096     
   9160.0000000000000        563.87126564093467     
   9170.0000000000000        563.88081520194430     
   9180.0000000000000        563.89035004295010     
   9190.0000000000000        563.89987018645968     
   9200.0000000000000        563.90937565494607     
   9210.0000000000000        563.91886647084721     
   9220.0000000000000        563.92834265656279     
   9230.0000000000000        563.93780423445594     
   9240.0000000000000        563.94725122685486     
   9250.0000000000000        563.95668365605309     
   9260.0000000000000        563.96610154430346     
   9270.0000000000000        563.97550491382640     
   9280.0000000000000        563.98489378680495     
   9290.0000000000000        563.99426818538700     
   9300.0000000000000        564.00362813168420     
   9310.0000000000000        564.01297364777020     
   9320.0000000000000        564.02230475569172     
   9330.0000000000000        564.03162147745013     
   9340.0000000000000        564.04092383501313     
   9350.0000000000000        564.05021185031967     
   9360.0000000000000        564.05948554526390     
   9370.0000000000000        564.06874494171484     
   9380.0000000000000        564.07799006149980     
   9390.0000000000000        564.08722092640971     
   9400.0000000000000        564.09643755820707     
   9410.0000000000000        564.10563997861675     
   9420.0000000000000        564.11482820932531     
   9430.0000000000000        564.12400227199055     
   9440.0000000000000        564.13316218823059     
   9450.0000000000000        564.14230797963353     
   9460.0000000000000        564.15143966774997     
   9470.0000000000000        564.16055727409503     
   9480.0000000000000        564.16966082015597     
   9490.0000000000000        564.17875032737845     
   9500.0000000000000        564.18782581717733     
   9510.0000000000000        564.19688731093368     
   9520.0000000000000        564.20593482999561     
   9530.0000000000000        564.21496839567351     
   9540.0000000000000        564.22398802924852     
   9550.0000000000000        564.23299375196632     
   9560.0000000000000        564.24198558503826     
   9570.0000000000000        564.25096354964205     
   9580.0000000000000        564.25992766692320     
   9590.0000000000000        564.26887795799212     
   9600.0000000000000        564.27781444392917     
   9610.0000000000000        564.28673714577485     
   9620.0000000000000        564.29564608454643     
   9630.0000000000000        564.30454128121949     
   9640.0000000000000        564.31342275673774     
   9650.0000000000000        564.32229053201957     
   9660.0000000000000        564.33114462794060     
   9670.0000000000000        564.33998506534772     
   9680.0000000000000        564.34881186505686     
   9690.0000000000000        564.35762504784770     
   9700.0000000000000        564.36642463447151     
   9710.0000000000000        564.37521064564157     
   9720.0000000000000        564.38398310204525     
   9730.0000000000000        564.39274202433319     
   9740.0000000000000        564.40148743312193     
   9750.0000000000000        564.41021934900334     
   9760.0000000000000        564.41893779252928     
   9770.0000000000000        564.42764278422192     
   9780.0000000000000        564.43633434457365     
   9790.0000000000000        564.44501249404379     
   9800.0000000000000        564.45367725305584     
   9810.0000000000000        564.46232864200726     
   9820.0000000000000        564.47096668126358     
   9830.0000000000000        564.47959139115153     
   9840.0000000000000        564.48820279197412     
   9850.0000000000000        564.49680090399886     
   9860.0000000000000        564.50538574746383     
   9870.0000000000000        564.51395734257153     
   9880.0000000000000        564.52251570949841     
   9890.0000000000000        564.53106086838636     
   9900.0000000000000        564.53959283934626     
   9910.0000000000000        564.54811164245780     
   9920.0000000000000        564.55661729777216     
   9930.0000000000000        564.56510982530710     
   9940.0000000000000        564.57358924504786     
   9950.0000000000000        564.58205557695305     
   9960.0000000000000        564.59050884094336     
   9970.0000000000000        564.59894905691851     
   9980.0000000000000        564.60737624474018     
   9990.0000000000000        564.61579042424148     
   10000.000000000000        564.62419161522394     
   10010.000000000000        564.63257983746018     
   10020.000000000000        564.64095511068922     
   10030.000000000000        564.64931745462650     
   10040.000000000000        564.65766688894973     
   10050.000000000000        564.66600343330788     
   10060.000000000000        564.67432710732203     
   10070.000000000000        564.68263793058213     
   10080.000000000000        564.69093592264790     
   10090.000000000000        564.69922110304890     
   10100.000000000000        564.70749349128334     
   10110.000000000000        564.71575310682067     
   10120.000000000000        564.72399996910167     
   10130.000000000000        564.73223409753530     
   10140.000000000000        564.74045551150141     
   10150.000000000000        564.74866423034939     
   10160.000000000000        564.75686027340157     
   10170.000000000000        564.76504365994617     
   10180.000000000000        564.77321440924641     
   10190.000000000000        564.78137254053252     
   10200.000000000000        564.78951807300825     
   10210.000000000000        564.79765102584577     
   10220.000000000000        564.80577141818856     
   10230.000000000000        564.81387926914931     
   10240.000000000000        564.82197459781526     
   10250.000000000000        564.83005742324224     
   10260.000000000000        564.83812776445427     
   10270.000000000000        564.84618564045218     
   10280.000000000000        564.85423107020074     
   10290.000000000000        564.86226407264326     
   10300.000000000000        564.87028466668687     
   10310.000000000000        564.87829287121781     
   10320.000000000000        564.88628870508501     
   10330.000000000000        564.89427218711398     
   10340.000000000000        564.90224333609945     
   10350.000000000000        564.91020217080984     
   10360.000000000000        564.91814870998394     
   10370.000000000000        564.92608297232948     
   10380.000000000000        564.93400497652783     
   10390.000000000000        564.94191474123386     
   10400.000000000000        564.94981228506992     
   10410.000000000000        564.95769762663235     
   10420.000000000000        564.96557078448961     
   10430.000000000000        564.97343177718051     
   10440.000000000000        564.98128062321769     
   10450.000000000000        564.98911734108322     
   10460.000000000000        564.99694194923165     
   10470.000000000000        565.00475446609289     
   10480.000000000000        565.01255491006384     
   10490.000000000000        565.02034329951391     
   10500.000000000000        565.02811965279113     
   10510.000000000000        565.03588398820727     
   10520.000000000000        565.04363632405125     
   10530.000000000000        565.05137667858276     
   10540.000000000000        565.05910507003466     
   10550.000000000000        565.06682151661005     
   10560.000000000000        565.07452603648790     
   10570.000000000000        565.08221864781638     
   10580.000000000000        565.08989936871910     
   10590.000000000000        565.09756821728888     
   10600.000000000000        565.10522521159294     
   10610.000000000000        565.11287036967303     
   10620.000000000000        565.12050370953807     
   10630.000000000000        565.12812524917808     
   10640.000000000000        565.13573500654877     
   10650.000000000000        565.14333299957923     
   10660.000000000000        565.15091924617661     
   10670.000000000000        565.15849376421568     
   10680.000000000000        565.16605657154525     
   10690.000000000000        565.17360768598871     
   10700.000000000000        565.18114712534521     
   10710.000000000000        565.18867490737875     
   10720.000000000000        565.19619104983451     
   10730.000000000000        565.20369557042670     
   10740.000000000000        565.21118848684353     
   10750.000000000000        565.21866981674702     
   10760.000000000000        565.22613957777583     
   10770.000000000000        565.23359778753240     
   10780.000000000000        565.24104446360286     
   10790.000000000000        565.24847962353988     
   10800.000000000000        565.25590328487760     
   10810.000000000000        565.26331546511346     
   10820.000000000000        565.27071618172772     
   10830.000000000000        565.27810545216630     
   10840.000000000000        565.28548329385649     
   10850.000000000000        565.29284972419327     
   10860.000000000000        565.30020476054904     
   10870.000000000000        565.30754842026681     
   10880.000000000000        565.31488072066816     
   10890.000000000000        565.32220167904507     
   10900.000000000000        565.32951131266441     
   10910.000000000000        565.33680963876611     
   10920.000000000000        565.34409667456634     
   10930.000000000000        565.35137243725239     
   10940.000000000000        565.35863694398847     
   10950.000000000000        565.36589021191196     
   10960.000000000000        565.37313225813375     
   10970.000000000000        565.38036309974007     
   10980.000000000000        565.38758275379200     
   10990.000000000000        565.39479123732144     
   11000.000000000000        565.40198856734105     
   11010.000000000000        565.40917476082825     
   11020.000000000000        565.41634983474671     
   11030.000000000000        565.42351380602702     
   11040.000000000000        565.43066669157281     
   11050.000000000000        565.43780850827022     
   11060.000000000000        565.44493927297435     
   11070.000000000000        565.45205900251244     
   11080.000000000000        565.45916771369434     
   11090.000000000000        565.46626542329739     
   11100.000000000000        565.47335214807799     
   11110.000000000000        565.48042790476620     
   11120.000000000000        565.48749271006716     
   11130.000000000000        565.49454658066020     
   11140.000000000000        565.50158953319908     
   11150.000000000000        565.50862158431528     
   11160.000000000000        565.51564275061298     
   11170.000000000000        565.52265304867171     
   11180.000000000000        565.52965249504689     
   11190.000000000000        565.53664110626914     
   11200.000000000000        565.54361889884285     
   11210.000000000000        565.55058588925010     
   11220.000000000000        565.55754209394433     
   11230.000000000000        565.56448752936069     
   11240.000000000000        565.57142221190361     
   11250.000000000000        565.57834615795537     
   11260.000000000000        565.58525938387311     
   11270.000000000000        565.59216190599216     
   11280.000000000000        565.59905374061827     
   11290.000000000000        565.60593490403744     
   11300.000000000000        565.61280541250653     
   11310.000000000000        565.61966528226537     
   11320.000000000000        565.62651452952207     
   11330.000000000000        565.63335317046449     
   11340.000000000000        565.64018122125481     
   11350.000000000000        565.64699869803144     
   11360.000000000000        565.65380561690893     
   11370.000000000000        565.66060199397771     
   11380.000000000000        565.66738784530253     
   11390.000000000000        565.67416318692699     
   11400.000000000000        565.68092803486684     
   11410.000000000000        565.68768240511838     
   11420.000000000000        565.69442631365018     
   11430.000000000000        565.70115977640819     
   11440.000000000000        565.70788280931492     
   11450.000000000000        565.71459542827063     
   11460.000000000000        565.72129764914837     
   11470.000000000000        565.72798948779882     
   11480.000000000000        565.73467096004947     
   11490.000000000000        565.74134208170392     
   11500.000000000000        565.74800286854270     
   11510.000000000000        565.75465333632178     
   11520.000000000000        565.76129350077247     
   11530.000000000000        565.76792337760548     
   11540.000000000000        565.77454298250791     
   11550.000000000000        565.78115233113795     
   11560.000000000000        565.78775143913776     
   11570.000000000000        565.79434032212180     
   11580.000000000000        565.80091899568231     
   11590.000000000000        565.80748747538848     
   11600.000000000000        565.81404577678495     
   11610.000000000000        565.82059391539383     
   11620.000000000000        565.82713190671564     
   11630.000000000000        565.83365976622383     
   11640.000000000000        565.84017750937392     
   11650.000000000000        565.84668515159399     
   11660.000000000000        565.85318270829191     
   11670.000000000000        565.85967019484951     
   11680.000000000000        565.86614762662896     
   11690.000000000000        565.87261501896808     
   11700.000000000000        565.87907238717935     
   11710.000000000000        565.88551974655638     
   11720.000000000000        565.89195711236971     
   11730.000000000000        565.89838449986053     
   11740.000000000000        565.90480192425855     
   11750.000000000000        565.91120940076064     
   11760.000000000000        565.91760694454410     
   11770.000000000000        565.92399457076760     
   11780.000000000000        565.93037229456081     
   11790.000000000000        565.93674013103418     
   11800.000000000000        565.94309809527647     
   11810.000000000000        565.94944620235185     
   11820.000000000000        565.95578446730349     
   11830.000000000000        565.96211290514998     
   11840.000000000000        565.96843153088957     
   11850.000000000000        565.97474035949858     
   11860.000000000000        565.98103940592580     
   11870.000000000000        565.98732868510683     
   11880.000000000000        565.99360821194705     
   11890.000000000000        565.99987800133090     
   11900.000000000000        566.00613806812601     
   11910.000000000000        566.01238842717157     
   11920.000000000000        566.01862909328463     
   11930.000000000000        566.02486008126675     
   11940.000000000000        566.03108140589052     
   11950.000000000000        566.03729308190907     
   11960.000000000000        566.04349512405349     
   11970.000000000000        566.04968754703157     
   11980.000000000000        566.05587036553209     
   11990.000000000000        566.06204359422088     
   12000.000000000000        566.06820724773934     
   12010.000000000000        566.07436134070781     
   12020.000000000000        566.08050588772699     
   12030.000000000000        566.08664090337584     
   12040.000000000000        566.09276640221049     
   12050.000000000000        566.09888239876159     
   12060.000000000000        566.10498890754286     
   12070.000000000000        566.11108594304767     
   12080.000000000000        566.11717351974414     
   12090.000000000000        566.12325165207790     
   12100.000000000000        566.12932035447614     
   12110.000000000000        566.13537964134343     
   12120.000000000000        566.14142952706186     
   12130.000000000000        566.14747002599506     
   12140.000000000000        566.15350115247975     
   12150.000000000000        566.15952292083864     
   12160.000000000000        566.16553534536615     
   12170.000000000000        566.17153844033862     
   12180.000000000000        566.17753222001022     
   12190.000000000000        566.18351669861613     
   12200.000000000000        566.18949189036653     
   12210.000000000000        566.19545780945134     
   12220.000000000000        566.20141447004357     
   12230.000000000000        566.20736188628780     
   12240.000000000000        566.21330007231359     
   12250.000000000000        566.21922904222788     
   12260.000000000000        566.22514881011500     
   12270.000000000000        566.23105939003824     
   12280.000000000000        566.23696079604099     
   12290.000000000000        566.24285304214732     
   12300.000000000000        566.24873614235605     
   12310.000000000000        566.25461011064908     
   12320.000000000000        566.26047496098522     
   12330.000000000000        566.26633070730418     
   12340.000000000000        566.27217736352213     
   12350.000000000000        566.27801494353560     
   12360.000000000000        566.28384346122255     
   12370.000000000000        566.28966293043948     
   12380.000000000000        566.29547336501855     
   12390.000000000000        566.30127477877625     
   12400.000000000000        566.30706718550448     
   12410.000000000000        566.31285059897652     
   12420.000000000000        566.31862503294599     
   12430.000000000000        566.32439050114306     
   12440.000000000000        566.33014701728018     
   12450.000000000000        566.33589459504742     
   12460.000000000000        566.34163324811686     
   12470.000000000000        566.34736299013741     
   12480.000000000000        566.35308383473887     
   12490.000000000000        566.35879579552977     
   12500.000000000000        566.36449888609889     
   12510.000000000000        566.37019312001701     
   12520.000000000000        566.37587851083128     
   12530.000000000000        566.38155507206875     
   12540.000000000000        566.38722281723869     
   12550.000000000000        566.39288175982983     
   12560.000000000000        566.39853191330724     
   12570.000000000000        566.40417329112063     
   12580.000000000000        566.40980590669574     
   12590.000000000000        566.41542977344045     
   12600.000000000000        566.42104490474173     
   12610.000000000000        566.42665131396757     
   12620.000000000000        566.43224901446570     
   12630.000000000000        566.43783801956363     
   12640.000000000000        566.44341834256659     
   12650.000000000000        566.44898999676627     
   12660.000000000000        566.45455299542675     
   12670.000000000000        566.46010735179675     
   12680.000000000000        566.46565307910612     
   12690.000000000000        566.47119019056026     
   12700.000000000000        566.47671869935164     
   12710.000000000000        566.48223861864528     
   12720.000000000000        566.48774996159375     
   12730.000000000000        566.49325274132298     
   12740.000000000000        566.49874697094640     
   12750.000000000000        566.50423266355347     
   12760.000000000000        566.50970983221487     
   12770.000000000000        566.51517848998071     
   12780.000000000000        566.52063864988486     
   12790.000000000000        566.52609032493729     
   12800.000000000000        566.53153352813285     
   12810.000000000000        566.53696827244539     
   12820.000000000000        566.54239457082519     
   12830.000000000000        566.54781243621107     
   12840.000000000000        566.55322188151433     
   12850.000000000000        566.55862291963649     
   12860.000000000000        566.56401556345054     
   12870.000000000000        566.56939982581389     
   12880.000000000000        566.57477571956520     
   12890.000000000000        566.58014325752379     
   12900.000000000000        566.58550245249137     
   12910.000000000000        566.59085331724714     
   12920.000000000000        566.59619586455187     
   12930.000000000000        566.60153010714680     
   12940.000000000000        566.60685605775927     
   12950.000000000000        566.61217372909107     
   12960.000000000000        566.61748313383146     
   12970.000000000000        566.62278428464185     
   12980.000000000000        566.62807719417196     
   12990.000000000000        566.63336187505070     
   13000.000000000000        566.63863833988910     
   13010.000000000000        566.64390660127549     
   13020.000000000000        566.64916667178375     
   13030.000000000000        566.65441856396581     
   13040.000000000000        566.65966229035791     
   13050.000000000000        566.66489786347290     
   13060.000000000000        566.67012529581257     
   13070.000000000000        566.67534459984904     
   13080.000000000000        566.68055578804842     
   13090.000000000000        566.68575887284624     
   13100.000000000000        566.69095386666754     
   13110.000000000000        566.69614078191671     
   13120.000000000000        566.70131963097663     
   13130.000000000000        566.70649042621426     
   13140.000000000000        566.71165317997998     
   13150.000000000000        566.71680790460255     
   13160.000000000000        566.72195461239323     
   13170.000000000000        566.72709331564408     
   13180.000000000000        566.73222402662839     
   13190.000000000000        566.73734675760682     
   13200.000000000000        566.74246152081287     
   13210.000000000000        566.74756832846606     
   13220.000000000000        566.75266719276999     
   13230.000000000000        566.75775812590632     
   13240.000000000000        566.76284114003749     
   13250.000000000000        566.76791624731209     
   13260.000000000000        566.77298345985923     
   13270.000000000000        566.77804278978681     
   13280.000000000000        566.78309424918768     
   13290.000000000000        566.78813785013483     
   13300.000000000000        566.79317360468656     
   13310.000000000000        566.79820152487639     
   13320.000000000000        566.80322162272671     
   13330.000000000000        566.80823391023773     
   13340.000000000000        566.81323839939637     
   13350.000000000000        566.81823510216338     
   13360.000000000000        566.82322403048988     
   13370.000000000000        566.82820519630377     
   13380.000000000000        566.83317861151829     
   13390.000000000000        566.83814428802714     
   13400.000000000000        566.84310223770797     
   13410.000000000000        566.84805247241547     
   13420.000000000000        566.85299500399492     
   13430.000000000000        566.85792984426791     
   13440.000000000000        566.86285700503640     
   13450.000000000000        566.86777649809255     
   13460.000000000000        566.87268833520443     
   13470.000000000000        566.87759252812532     
   13480.000000000000        566.88248908858725     
   13490.000000000000        566.88737802830940     
   13500.000000000000        566.89225935899299     
   13510.000000000000        566.89713309231502     
   13520.000000000000        566.90199923994487     
   13530.000000000000        566.90685781352681     
   13540.000000000000        566.91170882469089     
   13550.000000000000        566.91655228504942     
   13560.000000000000        566.92138820619653     
   13570.000000000000        566.92621659971019     
   13580.000000000000        566.93103747715031     
   13590.000000000000        566.93585085005941     
   13600.000000000000        566.94065672996180     
   13610.000000000000        566.94545512836726     
   13620.000000000000        566.95024605676440     
   13630.000000000000        566.95502952662832     
   13640.000000000000        566.95980554941514     
   13650.000000000000        566.96457413656401     
   13660.000000000000        566.96933529949479     
   13670.000000000000        566.97408904961731     
   13680.000000000000        566.97883539831423     
   13690.000000000000        566.98357435695630     
   13700.000000000000        566.98830593690013     
   13710.000000000000        566.99303014948066     
   13720.000000000000        566.99774700601608     
   13730.000000000000        567.00245651781199     
   13740.000000000000        567.00715869615169     
   13750.000000000000        567.01185355230371     
   13760.000000000000        567.01654109752167     
   13770.000000000000        567.02122134303750     
   13780.000000000000        567.02589430007174     
   13790.000000000000        567.03055997982403     
   13800.000000000000        567.03521839347968     
   13810.000000000000        567.03986955220500     
   13820.000000000000        567.04451346715200     
   13830.000000000000        567.04915014945243     
   13840.000000000000        567.05377961022498     
   13850.000000000000        567.05840186057242     
   13860.000000000000        567.06301691157478     
   13870.000000000000        567.06762477430107     
   13880.000000000000        567.07222545980233     
   13890.000000000000        567.07681897911220     
   13900.000000000000        567.08140534324900     
   13910.000000000000        567.08598456321226     
   13920.000000000000        567.09055664998732     
   13930.000000000000        567.09512161454018     
   13940.000000000000        567.09967946782444     
   13950.000000000000        567.10423022077407     
   13960.000000000000        567.10877388430811     
   13970.000000000000        567.11331046932855     
   13980.000000000000        567.11783998672161     
   13990.000000000000        567.12236244735618     
   14000.000000000000        567.12687786208483     
   14010.000000000000        567.13138624174394     
   14020.000000000000        567.13588759715481     
   14030.000000000000        567.14038193912313     
   14040.000000000000        567.14486927843348     
   14050.000000000000        567.14934962586085     
   14060.000000000000        567.15382299215787     
   14070.000000000000        567.15828938806624     
   14080.000000000000        567.16274882430810     
   14090.000000000000        567.16720131159116     
   14100.000000000000        567.17164686060642     
   14110.000000000000        567.17608548202634     
   14120.000000000000        567.18051718651270     
   14130.000000000000        567.18494198470898     
   14140.000000000000        567.18935988723899     
   14150.000000000000        567.19377090471562     
   14160.000000000000        567.19817504773334     
   14170.000000000000        567.20257232686981     
   14180.000000000000        567.20696275269154     
   14190.000000000000        567.21134633574354     
   14200.000000000000        567.21572308655459     
   14210.000000000000        567.22009301564287     
   14220.000000000000        567.22445613350851     
   14230.000000000000        567.22881245063547     
   14240.000000000000        567.23316197748932     
   14250.000000000000        567.23750472452537     
   14260.000000000000        567.24184070217666     
   14270.000000000000        567.24616992086737     
   14280.000000000000        567.25049239100008     
   14290.000000000000        567.25480812296871     
   14300.000000000000        567.25911712714162     
   14310.000000000000        567.26341941388023     
   14320.000000000000        567.26771499352719     
   14330.000000000000        567.27200387640789     
   14340.000000000000        567.27628607283373     
   14350.000000000000        567.28056159310415     
   14360.000000000000        567.28483044749521     
   14370.000000000000        567.28909264627669     
   14380.000000000000        567.29334819969392     
   14390.000000000000        567.29759711798317     
   14400.000000000000        567.30183941136283     
   14410.000000000000        567.30607509003653     
   14420.000000000000        567.31030416419208     
   14430.000000000000        567.31452664400206     
   14440.000000000000        567.31874253962212     
   14450.000000000000        567.32295186119688     
   14460.000000000000        567.32715461885118     
   14470.000000000000        567.33135082269905     
   14480.000000000000        567.33554048283474     
   14490.000000000000        567.33972360933785     
   14500.000000000000        567.34390021227637     
   14510.000000000000        567.34807030170066     
   14520.000000000000        567.35223388764632     
   14530.000000000000        567.35639098013269     
   14540.000000000000        567.36054158916750     
   14550.000000000000        567.36468572473632     
   14560.000000000000        567.36882339682063     
   14570.000000000000        567.37295461537610     
   14580.000000000000        567.37707939034624     
   14590.000000000000        567.38119773166750     
   14600.000000000000        567.38530964924894     
   14610.000000000000        567.38941515299473     
   14620.000000000000        567.39351425278767     
   14630.000000000000        567.39760695849839     
   14640.000000000000        567.40169327998376     
   14650.000000000000        567.40577322708441     
   14660.000000000000        567.40984680962254     
   14670.000000000000        567.41391403741352     
   14680.000000000000        567.41797492025250     
   14690.000000000000        567.42202946791826     
   14700.000000000000        567.42607769017980     
   14710.000000000000        567.43011959678938     
   14720.000000000000        567.43415519748294     
   14730.000000000000        567.43818450198148     
   14740.000000000000        567.44220751999774     
   14750.000000000000        567.44622426121862     
   14760.000000000000        567.45023473532785     
   14770.000000000000        567.45423895198496     
   14780.000000000000        567.45823692084480     
   14790.000000000000        567.46222865153561     
   14800.000000000000        567.46621415368202     
   14810.000000000000        567.47019343688999     
   14820.000000000000        567.47416651074673     
   14830.000000000000        567.47813338483218     
   14840.000000000000        567.48209406870944     
   14850.000000000000        567.48604857192402     
   14860.000000000000        567.48999690400979     
   14870.000000000000        567.49393907448564     
   14880.000000000000        567.49787509285704     
   14890.000000000000        567.50180496861583     
   14900.000000000000        567.50572871123450     
   14910.000000000000        567.50964633017577     
   14920.000000000000        567.51355783488782     
   14930.000000000000        567.51746323480506     
   14940.000000000000        567.52136253934373     
   14950.000000000000        567.52525575790958     
   14960.000000000000        567.52914289989371     
   14970.000000000000        567.53302397466962     
   14980.000000000000        567.53689899160304     
   14990.000000000000        567.54076796004051     
   15000.000000000000        567.54463088931413     
   15010.000000000000        567.54848778874509     
   15020.000000000000        567.55233866763854     
   15030.000000000000        567.55618353528587     
   15040.000000000000        567.56002240096586     
   15050.000000000000        567.56385527394218     
   15060.000000000000        567.56768216346165     
   15070.000000000000        567.57150307876054     
   15080.000000000000        567.57531802906158     
   15090.000000000000        567.57912702357385     
   15100.000000000000        567.58293007148677     
   15110.000000000000        567.58672718198295     
   15120.000000000000        567.59051836422907     
   15130.000000000000        567.59430362737396     
   15140.000000000000        567.59808298055884     
   15150.000000000000        567.60185643290504     
   15160.000000000000        567.60562399352693     
   15170.000000000000        567.60938567151891     
   15180.000000000000        567.61314147596522     
   15190.000000000000        567.61689141593263     
   15200.000000000000        567.62063550047901     
   15210.000000000000        567.62437373864509     
   15220.000000000000        567.62810613946101     
   15230.000000000000        567.63183271193873     
   15240.000000000000        567.63555346508008     
   15250.000000000000        567.63926840787383     
   15260.000000000000        567.64297754929271     
   15270.000000000000        567.64668089829547     
   15280.000000000000        567.65037846382893     
   15290.000000000000        567.65407025482818     
   15300.000000000000        567.65775628021072     
   15310.000000000000        567.66143654888390     
   15320.000000000000        567.66511106973769     
   15330.000000000000        567.66877985165399     
   15340.000000000000        567.67244290349697     
   15350.000000000000        567.67610023411964     
   15360.000000000000        567.67975185236014     
   15370.000000000000        567.68339776704443     
   15380.000000000000        567.68703798698300     
   15390.000000000000        567.69067252097761     
   15400.000000000000        567.69430137780932     
   15410.000000000000        567.69792456625305     
   15420.000000000000        567.70154209506813     
   15430.000000000000        567.70515397299823     
   15440.000000000000        567.70876020877529     
   15450.000000000000        567.71236081112022     
   15460.000000000000        567.71595578873848     
   15470.000000000000        567.71954515032053     
   15480.000000000000        567.72312890455009     
   15490.000000000000        567.72670706008853     
   15500.000000000000        567.73027962559172     
   15510.000000000000        567.73384660969998     
   15520.000000000000        567.73740802104010     
   15530.000000000000        567.74096386822441     
   15540.000000000000        567.74451415985698     
   15550.000000000000        567.74805890452205     
   15560.000000000000        567.75159811079493     
   15570.000000000000        567.75513178724077     
   15580.000000000000        567.75865994240348     
   15590.000000000000        567.76218258482413     
   15600.000000000000        567.76569972302116     
   15610.000000000000        567.76921136550766     
   15620.000000000000        567.77271752077843     
   15630.000000000000        567.77621819731837     
   15640.000000000000        567.77971340360057     
   15650.000000000000        567.78320314808116     
   15660.000000000000        567.78668743920696     
   15670.000000000000        567.79016628541206     
   15680.000000000000        567.79363969511428     
   15690.000000000000        567.79710767672145     
   15700.000000000000        567.80057023862958     
   15710.000000000000        567.80402738921839     
   15720.000000000000        567.80747913685957     
   15730.000000000000        567.81092548990705     
   15740.000000000000        567.81436645670624     
   15750.000000000000        567.81780204558720     
   15760.000000000000        567.82123226486908     
   15770.000000000000        567.82465712285614     
   15780.000000000000        567.82807662784353     
   15790.000000000000        567.83149078811209     
   15800.000000000000        567.83489961192834     
   15810.000000000000        567.83830310754718     
   15820.000000000000        567.84170128321500     
   15830.000000000000        567.84509414715933     
   15840.000000000000        567.84848170759790     
   15850.000000000000        567.85186397273856     
   15860.000000000000        567.85524095077324     
   15870.000000000000        567.85861264988216     
   15880.000000000000        567.86197907823225     
   15890.000000000000        567.86534024398395     
   15900.000000000000        567.86869615527507     
   15910.000000000000        567.87204682023867     
   15920.000000000000        567.87539224699708     
   15930.000000000000        567.87873244365051     
   15940.000000000000        567.88206741829811     
   15950.000000000000        567.88539717901881     
   15960.000000000000        567.88872173388233     
   15970.000000000000        567.89204109094715     
   15980.000000000000        567.89535525825761     
   15990.000000000000        567.89866424384502     
   16000.000000000000        567.90196805573328     
   16010.000000000000        567.90526670192867     
   16020.000000000000        567.90856019042769     
   16030.000000000000        567.91184852921162     
   16040.000000000000        567.91513172625810     
   16050.000000000000        567.91840978952337     
   16060.000000000000        567.92168272695551     
   16070.000000000000        567.92495054649055     
   16080.000000000000        567.92821325605303     
   16090.000000000000        567.93147086355236     
   16100.000000000000        567.93472337688934     
   16110.000000000000        567.93797080395018     
   16120.000000000000        567.94121315261270     
   16130.000000000000        567.94445043073779     
   16140.000000000000        567.94768264618085     
   16150.000000000000        567.95090980677980     
   16160.000000000000        567.95413192035812     
   16170.000000000000        567.95734899473882     
   16180.000000000000        567.96056103772162     
   16190.000000000000        567.96376805709906     
   16200.000000000000        567.96697006065131     
   16210.000000000000        567.97016705614703     
   16220.000000000000        567.97335905134446     
   16230.000000000000        567.97654605398634     
   16240.000000000000        567.97972807180702     
   16250.000000000000        567.98290511252515     
   16260.000000000000        567.98607718385290     
   16270.000000000000        567.98924429348847     
   16280.000000000000        567.99240644911436     
   16290.000000000000        567.99556365840908     
   16300.000000000000        567.99871592903332     
   16310.000000000000        568.00186326863752     
   16320.000000000000        568.00500568486336     
   16330.000000000000        568.00814318533696     
   16340.000000000000        568.01127577767261     
   16350.000000000000        568.01440346948016     
   16360.000000000000        568.01752626834718     
   16370.000000000000        568.02064418185864     
   16380.000000000000        568.02375721758347     
   16390.000000000000        568.02686538307989     
   16400.000000000000        568.02996868589230     
   16410.000000000000        568.03306713356244     
   16420.000000000000        568.03616073360797     
   16430.000000000000        568.03924949354337     
   16440.000000000000        568.04233342087070     
   16450.000000000000        568.04541252307934     
   16460.000000000000        568.04848680764678     
   16470.000000000000        568.05155628203931     
   16480.000000000000        568.05462095371286     
   16490.000000000000        568.05768083011230     
   16500.000000000000        568.06073591866948     
   16510.000000000000        568.06378622680757     
   16520.000000000000        568.06683176193428     
   16530.000000000000        568.06987253145019     
   16540.000000000000        568.07290854274095     
   16550.000000000000        568.07593980318518     
   16560.000000000000        568.07896632014786     
   16570.000000000000        568.08198810098065     
   16580.000000000000        568.08500515302751     
   16590.000000000000        568.08801748362089     
   16600.000000000000        568.09102510007767     
   16610.000000000000        568.09402800971088     
   16620.000000000000        568.09702621981762     
   16630.000000000000        568.10001973768306     
   16640.000000000000        568.10300857058371     
   16650.000000000000        568.10599272578656     
   16660.000000000000        568.10897221054086     
   16670.000000000000        568.11194703209264     
   16680.000000000000        568.11491719767264     
   16690.000000000000        568.11788271450143     
   16700.000000000000        568.12084358978939     
   16710.000000000000        568.12379983073072     
   16720.000000000000        568.12675144451828     
   16730.000000000000        568.12969843832434     
   16740.000000000000        568.13264081931788     
   16750.000000000000        568.13557859465277     
   16760.000000000000        568.13851177147114     
   16770.000000000000        568.14144035690708     
   16780.000000000000        568.14436435808500     
   16790.000000000000        568.14728378210941     
   16800.000000000000        568.15019863608654     
   16810.000000000000        568.15310892710488     
   16820.000000000000        568.15601466224132     
   16830.000000000000        568.15891584856581     
   16840.000000000000        568.16181249313320     
   16850.000000000000        568.16470460299172     
   16860.000000000000        568.16759218517507     
   16870.000000000000        568.17047524670909     
   16880.000000000000        568.17335379460985     
   16890.000000000000        568.17622783587751     
   16900.000000000000        568.17909737750551     
   16910.000000000000        568.18196242647707     
   16920.000000000000        568.18482298976255     
   16930.000000000000        568.18767907432539     
   16940.000000000000        568.19053068711128     
   16950.000000000000        568.19337783506171     
   16960.000000000000        568.19622052510647     
   16970.000000000000        568.19905876416374     
   16980.000000000000        568.20189255913965     
   16990.000000000000        568.20472191693557     
   17000.000000000000        568.20754684443216     
   17010.000000000000        568.21036734850986     
   17020.000000000000        568.21318343603355     
   17030.000000000000        568.21599511385671     
   17040.000000000000        568.21880238882602     
   17050.000000000000        568.22160526777691     
   17060.000000000000        568.22440375753047     
   17070.000000000000        568.22719786490143     
   17080.000000000000        568.22998759669247     
   17090.000000000000        568.23277295969626     
   17100.000000000000        568.23555396069582     
   17110.000000000000        568.23833060646245     
   17120.000000000000        568.24110290375734     
   17130.000000000000        568.24387085933301     
   17140.000000000000        568.24663447992839     
   17150.000000000000        568.24939377227713     
   17160.000000000000        568.25214874309574     
   17170.000000000000        568.25489939909778     
   17180.000000000000        568.25764574698144     
   17190.000000000000        568.26038779343628     
   17200.000000000000        568.26312554514004     
   17210.000000000000        568.26585900876546     
   17220.000000000000        568.26858819096799     
   17230.000000000000        568.27131309840206     
   17240.000000000000        568.27403373769812     
   17250.000000000000        568.27675011549195     
   17260.000000000000        568.27946223839626     
   17270.000000000000        568.28217011302320     
   17280.000000000000        568.28487374596955     
   17290.000000000000        568.28757314382290     
   17300.000000000000        568.29026831316162     
   17310.000000000000        568.29295926055431     
   17320.000000000000        568.29564599255878     
   17330.000000000000        568.29832851572053     
   17340.000000000000        568.30100683658031     
   17350.000000000000        568.30368096166353     
   17360.000000000000        568.30635089749103     
   17370.000000000000        568.30901665056808     
   17380.000000000000        568.31167822739292     
   17390.000000000000        568.31433563445660     
   17400.000000000000        568.31698887823268     
   17410.000000000000        568.31963796518983     
   17420.000000000000        568.32228290179239     
   17430.000000000000        568.32492369448096     
   17440.000000000000        568.32756034969725     
   17450.000000000000        568.33019287387140     
   17460.000000000000        568.33282127342022     
   17470.000000000000        568.33544555475351     
   17480.000000000000        568.33806572427011     
   17490.000000000000        568.34068178836014     
   17500.000000000000        568.34329375340258     
   17510.000000000000        568.34590162576933     
   17520.000000000000        568.34850541181618     
   17530.000000000000        568.35110511789571     
   17540.000000000000        568.35370075035189     
   17550.000000000000        568.35629231551013     
   17560.000000000000        568.35887981969518     
   17570.000000000000        568.36146326921903     
   17580.000000000000        568.36404267038154     
   17590.000000000000        568.36661802947606     
   17600.000000000000        568.36918935278447     
   17610.000000000000        568.37175664658139     
   17620.000000000000        568.37431991712913     
   17630.000000000000        568.37687917068251     
   17640.000000000000        568.37943441348375     
   17650.000000000000        568.38198565177038     
   17660.000000000000        568.38453289176539     
   17670.000000000000        568.38707613968381     
   17680.000000000000        568.38961540173580     
   17690.000000000000        568.39215068411534     
   17700.000000000000        568.39468199300723     
   17710.000000000000        568.39720933459273     
   17720.000000000000        568.39973271503879     
   17730.000000000000        568.40225214050463     
   17740.000000000000        568.40476761713819     
   17750.000000000000        568.40727915108062     
   17760.000000000000        568.40978674846247     
   17770.000000000000        568.41229041540362     
   17780.000000000000        568.41479015801701     
   17790.000000000000        568.41728598240422     
   17800.000000000000        568.41977789466000     
   17810.000000000000        568.42226590086511     
   17820.000000000000        568.42475000709624     
   17830.000000000000        568.42723021941720     
   17840.000000000000        568.42970654388466     
   17850.000000000000        568.43217898654416     
   17860.000000000000        568.43464755343348     
   17870.000000000000        568.43711225058018     
   17880.000000000000        568.43957308400331     
   17890.000000000000        568.44203005971337     
   17900.000000000000        568.44448318370860     
   17910.000000000000        568.44693246198062     
   17920.000000000000        568.44937790051165     
   17930.000000000000        568.45181950527547     
   17940.000000000000        568.45425728223449     
   17950.000000000000        568.45669123734183     
   17960.000000000000        568.45912137654693     
   17970.000000000000        568.46154770578050     
   17980.000000000000        568.46397023097450     
   17990.000000000000        568.46638895804449     
   18000.000000000000        568.46880389289925     
   18010.000000000000        568.47121504143684     
   18020.000000000000        568.47362240955397     
   18030.000000000000        568.47602600312746     
   18040.000000000000        568.47842582803082     
   18050.000000000000        568.48082189012871     
   18060.000000000000        568.48321419527497     
   18070.000000000000        568.48560274931674     
   18080.000000000000        568.48798755808946     
   18090.000000000000        568.49036862742196     
   18100.000000000000        568.49274596313137     
   18110.000000000000        568.49511957102982     
   18120.000000000000        568.49748945691749     
