 temps(s)Temperature(K)
   10.000000000000000        325.94926601212791     
   20.000000000000000        321.34497978311771     
   30.000000000000000        328.17374726109028     
   40.000000000000000        328.13561333966840     
   50.000000000000000        327.47898602435021     
   60.000000000000000        326.93993799994223     
   70.000000000000000        326.43589537286283     
   80.000000000000000        325.96050383211423     
   90.000000000000000        325.51251614489672     
   100.00000000000000        325.08914777051820     
   110.00000000000000        324.68816395385073     
   120.00000000000000        324.30757117434985     
   130.00000000000000        323.94560150270371     
   140.00000000000000        323.60068347735063     
   150.00000000000000        323.27141682678865     
   160.00000000000000        322.95655097648205     
   170.00000000000000        322.65496649826986     
   180.00000000000000        322.36565909626262     
   190.00000000000000        322.08772575151545     
   200.00000000000000        321.82035271057583     
   210.00000000000000        321.56280505285082     
   220.00000000000000        321.31441761259691     
   230.00000000000000        321.07458706557418     
   240.00000000000000        320.84276501891736     
   250.00000000000000        320.61845196670720     
   260.00000000000000        320.40119199383633     
   270.00000000000000        320.19056812778325     
   280.00000000000000        319.98619825221806     
   290.00000000000000        319.78773150857751     
   300.00000000000000        319.59484512210736     
   310.00000000000000        319.40724159763084     
   320.00000000000000        319.22464623789961     
   330.00000000000000        319.04680494373559     
   340.00000000000000        318.87348226075312     
   350.00000000000000        318.70445964209296     
   360.00000000000000        318.53953390072326     
   370.00000000000000        318.37851582829614     
   380.00000000000000        318.22122896058085     
   390.00000000000000        318.06750847206195     
   400.00000000000000        317.91720018454384     
   410.00000000000000        317.77015967650993     
   420.00000000000000        317.62625148167950     
   430.00000000000000        317.48534836662185     
   440.00000000000000        317.34733067857746     
   450.00000000000000        317.21208575569381     
   460.00000000000000        317.07950739284729     
   470.00000000000000        316.94949535703250     
   480.00000000000000        316.82195494703944     
   490.00000000000000        316.69679659273527     
   500.00000000000000        316.57393548984078     
   510.00000000000000        316.45329126655014     
   520.00000000000000        316.33478767876642     
   530.00000000000000        316.21835233109067     
   540.00000000000000        316.10391642103281     
   550.00000000000000        315.99141450416704     
   560.00000000000000        315.88078427823700     
   570.00000000000000        315.77196638440535     
   580.00000000000000        315.66490422405656     
   590.00000000000000        315.55954378970767     
   600.00000000000000        315.45583350875643     
   610.00000000000000        315.35372409890783     
   620.00000000000000        315.25316843425264     
   630.00000000000000        315.15412142106800     
   640.00000000000000        315.05653988249867     
   650.00000000000000        314.96038245137498     
   660.00000000000000        314.86560947047587     
   670.00000000000000        314.77218289962849     
   680.00000000000000        314.68006622908825     
   690.00000000000000        314.58922439868951     
   700.00000000000000        314.49962372231073     
   710.00000000000000        314.41123181724043     
   720.00000000000000        314.32401753805777     
   730.00000000000000        314.23795091469276     
   740.00000000000000        314.15300309434292     
   750.00000000000000        314.06914628695949     
   760.00000000000000        313.98635371405095     
   770.00000000000000        313.90459956054497     
   780.00000000000000        313.82385892950782     
   790.00000000000000        313.74410779950495     
   800.00000000000000        313.66532298442502     
   810.00000000000000        313.58748209559263     
   820.00000000000000        313.51056350601647     
   830.00000000000000        313.43454631663047     
   840.00000000000000        313.35941032438092     
   850.00000000000000        313.28513599206337     
   860.00000000000000        313.21170441976085     
   870.00000000000000        313.13909731781905     
   880.00000000000000        313.06729698122120     
   890.00000000000000        312.99628626530529     
   900.00000000000000        312.92604856272317     
   910.00000000000000        312.85656778156630     
   920.00000000000000        312.78782832459495     
   930.00000000000000        312.71981506949635     
   940.00000000000000        312.65251335010862     
   950.00000000000000        312.58590893856586     
   960.00000000000000        312.51998802829354     
   970.00000000000000        312.45473721781912     
   980.00000000000000        312.39014349534432     
   990.00000000000000        312.32619422403263     
   1000.0000000000000        312.26287712798540     
   1010.0000000000000        312.20018027885055     
   1020.0000000000000        312.13809208304247     
   1030.0000000000000        312.07660126953385     
   1040.0000000000000        312.01569687819114     
   1050.0000000000000        311.95536824862393     
   1060.0000000000000        311.89560500951768     
   1070.0000000000000        311.83639706843383     
   1080.0000000000000        311.77773460204065     
   1090.0000000000000        311.71960804676354     
   1100.0000000000000        311.66200808982637     
   1110.0000000000000        311.60492566067381     
   1120.0000000000000        311.54835192273674     
   1130.0000000000000        311.49227826554852     
   1140.0000000000000        311.43669629717527     
   1150.0000000000000        311.38159783695767     
   1160.0000000000000        311.32697490853468     
   1170.0000000000000        311.27281973315968     
   1180.0000000000000        311.21912472326642     
   1190.0000000000000        311.16588247629653     
   1200.0000000000000        311.11308576876451     
   1210.0000000000000        311.06072755055339     
   1220.0000000000000        311.00880093942692     
   1230.0000000000000        310.95729921575565     
   1240.0000000000000        310.90621581743744     
   1250.0000000000000        310.85554433501392     
   1260.0000000000000        310.80527850696933     
   1270.0000000000000        310.75541221519825     
   1280.0000000000000        310.70593948064896     
   1290.0000000000000        310.65685445912010     
   1300.0000000000000        310.60815143721646     
   1310.0000000000000        310.55982482844502     
   1320.0000000000000        310.51186916945466     
   1330.0000000000000        310.46427911641592     
   1340.0000000000000        310.41704944151815     
   1350.0000000000000        310.37017502960276     
   1360.0000000000000        310.32365087490535     
   1370.0000000000000        310.27747207791936     
   1380.0000000000000        310.23163384236415     
   1390.0000000000000        310.18613147226176     
   1400.0000000000000        310.14096036910837     
   1410.0000000000000        310.09611602915328     
   1420.0000000000000        310.05159404075829     
   1430.0000000000000        310.00739008185690     
   1440.0000000000000        309.96349991749247     
   1450.0000000000000        309.91991939744338     
   1460.0000000000000        309.87664445392511     
   1470.0000000000000        309.83367109937035     
   1480.0000000000000        309.79099542428025     
   1490.0000000000000        309.74861359514932     
   1500.0000000000000        309.70652185245598     
   1510.0000000000000        309.66471650872057     
   1520.0000000000000        309.62319394662376     
   1530.0000000000000        309.58195061718959     
   1540.0000000000000        309.54098303802203     
   1550.0000000000000        309.50028779160255     
   1560.0000000000000        309.45986152363861     
   1570.0000000000000        309.41970094146626     
   1580.0000000000000        309.37980281250356     
   1590.0000000000000        309.34016396274836     
   1600.0000000000000        309.30078127533062     
   1610.0000000000000        309.26165168910080     
   1620.0000000000000        309.22277219726942     
   1630.0000000000000        309.18413984608378     
   1640.0000000000000        309.14575173354916     
   1650.0000000000000        309.10760500818344     
   1660.0000000000000        309.06969686781497     
   1670.0000000000000        309.03202455841392     
   1680.0000000000000        308.99458537296113     
   1690.0000000000000        308.95737665034517     
   1700.0000000000000        308.92039577430063     
   1710.0000000000000        308.88364017237012     
   1720.0000000000000        308.84710731490253     
   1730.0000000000000        308.81079471407611     
   1740.0000000000000        308.77469992295221     
   1750.0000000000000        308.73882053456094     
   1760.0000000000000        308.70315418100080     
   1770.0000000000000        308.66769853258108     
   1780.0000000000000        308.63245129697316     
   1790.0000000000000        308.59741021839676     
   1800.0000000000000        308.56257307682205     
   1810.0000000000000        308.52793768720102     
   1820.0000000000000        308.49350189871410     
   1830.0000000000000        308.45926359404262     
   1840.0000000000000        308.42522068865532     
   1850.0000000000000        308.39137113012549     
   1860.0000000000000        308.35771289745196     
   1870.0000000000000        308.32424400041202     
   1880.0000000000000        308.29096247892670     
   1890.0000000000000        308.25786640243871     
   1900.0000000000000        308.22495386931547     
   1910.0000000000000        308.19222300626046     
   1920.0000000000000        308.15967196775011     
   1930.0000000000000        308.12729893547055     
   1940.0000000000000        308.09510211778394     
   1950.0000000000000        308.06307974920264     
   1960.0000000000000        308.03123008987330     
   1970.0000000000000        307.99955142507935     
   1980.0000000000000        307.96804206475963     
   1990.0000000000000        307.93670034302829     
   2000.0000000000000        307.90552461771438     
   2010.0000000000000        307.87451326991732     
   2020.0000000000000        307.84366470356122     
   2030.0000000000000        307.81297734497190     
   2040.0000000000000        307.78244964245852     
   2050.0000000000000        307.75208006590623     
   2060.0000000000000        307.72186710637772     
   2070.0000000000000        307.69180927573137     
   2080.0000000000000        307.66190510623903     
   2090.0000000000000        307.63215315021881     
   2100.0000000000000        307.60255197967399     
   2110.0000000000000        307.57310018594592     
   2120.0000000000000        307.54379637936546     
   2130.0000000000000        307.51463918892142     
   2140.0000000000000        307.48562726193381     
   2150.0000000000000        307.45675926373298     
   2160.0000000000000        307.42803387734830     
   2170.0000000000000        307.39944980320297     
   2180.0000000000000        307.37100575881698     
   2190.0000000000000        307.34270047851413     
   2200.0000000000000        307.31453271313956     
   2210.0000000000000        307.28650122977911     
   2220.0000000000000        307.25860481148840     
   2230.0000000000000        307.23084225703076     
   2240.0000000000000        307.20321238060689     
   2250.0000000000000        307.17571401161229     
   2260.0000000000000        307.14834599437916     
   2270.0000000000000        307.12110718793815     
   2280.0000000000000        307.09399646577606     
   2290.0000000000000        307.06701271560644     
   2300.0000000000000        307.04015483913776     
   2310.0000000000000        307.01342175185198     
   2320.0000000000000        306.98681238278374     
   2330.0000000000000        306.96032567430888     
   2340.0000000000000        306.93396058193031     
   2350.0000000000000        306.90771607407765     
   2360.0000000000000        306.88159113189994     
   2370.0000000000000        306.85558474907236     
   2380.0000000000000        306.82969593160180     
   2390.0000000000000        306.80392369763695     
   2400.0000000000000        306.77826707728093     
   2410.0000000000000        306.75272511241332     
   2420.0000000000000        306.72729685650711     
   2430.0000000000000        306.70198137445738     
   2440.0000000000000        306.67677774240644     
   2450.0000000000000        306.65168504757759     
   2460.0000000000000        306.62670238810949     
   2470.0000000000000        306.60182887289278     
   2480.0000000000000        306.57706362141357     
   2490.0000000000000        306.55240576359739     
   2500.0000000000000        306.52785443965058     
   2510.0000000000000        306.50340879991984     
   2520.0000000000000        306.47906800473618     
   2530.0000000000000        306.45483122427481     
   2540.0000000000000        306.43069763841146     
   2550.0000000000000        306.40666643658329     
   2560.0000000000000        306.38273681765287     
   2570.0000000000000        306.35890798977027     
   2580.0000000000000        306.33517917024636     
   2590.0000000000000        306.31154958541799     
   2600.0000000000000        306.28801847052409     
   2610.0000000000000        306.26458506957732     
   2620.0000000000000        306.24124863524361     
   2630.0000000000000        306.21800842872102     
   2640.0000000000000        306.19486371961904     
   2650.0000000000000        306.17181378584183     
   2660.0000000000000        306.14885791347774     
   2670.0000000000000        306.12599539667997     
   2680.0000000000000        306.10322553756163     
   2690.0000000000000        306.08054764608124     
   2700.0000000000000        306.05796103993993     
   2710.0000000000000        306.03546504447343     
   2720.0000000000000        306.01305899255095     
   2730.0000000000000        305.99074222446808     
   2740.0000000000000        305.96851408785159     
   2750.0000000000000        305.94637393755903     
   2760.0000000000000        305.92432113558124     
   2770.0000000000000        305.90235505094552     
   2780.0000000000000        305.88047505962476     
   2790.0000000000000        305.85868054444239     
   2800.0000000000000        305.83697089498327     
   2810.0000000000000        305.81534550750104     
   2820.0000000000000        305.79380378483393     
   2830.0000000000000        305.77234513631396     
   2840.0000000000000        305.75096897768606     
   2850.0000000000000        305.72967473101801     
   2860.0000000000000        305.70846182462435     
   2870.0000000000000        305.68732969298014     
   2880.0000000000000        305.66627777664149     
   2890.0000000000000        305.64530552216729     
   2900.0000000000000        305.62441238204224     
   2910.0000000000000        305.60359781459840     
   2920.0000000000000        305.58286128393911     
   2930.0000000000000        305.56220225986863     
   2940.0000000000000        305.54162021781309     
   2950.0000000000000        305.52111463875525     
   2960.0000000000000        305.50068500915535     
   2970.0000000000000        305.48033082088830     
   2980.0000000000000        305.46005157117014     
   2990.0000000000000        305.43984676249215     
   3000.0000000000000        305.41971590255366     
   3010.0000000000000        305.39965850419634     
   3020.0000000000000        305.37967408533581     
   3030.0000000000000        305.35976216890356     
   3040.0000000000000        305.33992228277697     
   3050.0000000000000        305.32015395972417     
   3060.0000000000000        305.30045673733736     
   3070.0000000000000        305.28083015797313     
   3080.0000000000000        305.26127376869545     
   3090.0000000000000        305.24178712121420     
   3100.0000000000000        305.22236977182757     
   3110.0000000000000        305.20302128136711     
   3120.0000000000000        305.18374121513790     
   3130.0000000000000        305.16452914286793     
   3140.0000000000000        305.14538463864750     
   3150.0000000000000        305.12630728087817     
   3160.0000000000000        305.10729665222254     
   3170.0000000000000        305.08835233954517     
   3180.0000000000000        305.06947393386548     
   3190.0000000000000        305.05066103030737     
   3200.0000000000000        305.03191322804395     
   3210.0000000000000        305.01323013025439     
   3220.0000000000000        304.99461134406863     
   3230.0000000000000        304.97605648052297     
   3240.0000000000000        304.95756515451274     
   3250.0000000000000        304.93913698474114     
   3260.0000000000000        304.92077159367994     
   3270.0000000000000        304.90246860751586     
   3280.0000000000000        304.88422765611119     
   3290.0000000000000        304.86604837295636     
   3300.0000000000000        304.84793039512766     
   3310.0000000000000        304.82987336324305     
   3320.0000000000000        304.81187692141907     
   3330.0000000000000        304.79394071722976     
   3340.0000000000000        304.77606440166522     
   3350.0000000000000        304.75824762908883     
   3360.0000000000000        304.74049005719729     
   3370.0000000000000        304.72279134698249     
   3380.0000000000000        304.70515116269115     
   3390.0000000000000        304.68756917178467     
   3400.0000000000000        304.67004504490103     
   3410.0000000000000        304.65257845581755     
   3420.0000000000000        304.63516908141594     
   3430.0000000000000        304.61781660163956     
   3440.0000000000000        304.60052069946232     
   3450.0000000000000        304.58328106085025     
   3460.0000000000000        304.56609737472564     
   3470.0000000000000        304.54896933293503     
   3480.0000000000000        304.53189663021180     
   3490.0000000000000        304.51487896413954     
   3500.0000000000000        304.49791603512790     
   3510.0000000000000        304.48100754636692     
   3520.0000000000000        304.46415320380538     
   3530.0000000000000        304.44735271611029     
   3540.0000000000000        304.43060579463935     
   3550.0000000000000        304.41391215340803     
   3560.0000000000000        304.39727150905946     
   3570.0000000000000        304.38068358083143     
   3580.0000000000000        304.36414809052815     
   3590.0000000000000        304.34766476248967     
   3600.0000000000000        304.33123332356229     
   3610.0000000000000        304.31485350306912     
   3620.0000000000000        304.29852503278158     
   3630.0000000000000        304.28224764689128     
   3640.0000000000000        304.26602108197977     
   3650.0000000000000        304.24984507699452     
   3660.0000000000000        304.23371937321912     
   3670.0000000000000        304.21764371424553     
   3680.0000000000000        304.20161784594973     
   3690.0000000000000        304.18564151646410     
   3700.0000000000000        304.16971447615077     
   3710.0000000000000        304.15383647757676     
   3720.0000000000000        304.13800727548954     
   3730.0000000000000        304.12222662678874     
   3740.0000000000000        304.10649429050568     
   3750.0000000000000        304.09081002777589     
   3760.0000000000000        304.07517360181646     
   3770.0000000000000        304.05958477790080     
   3780.0000000000000        304.04404332333689     
   3790.0000000000000        304.02854900744416     
   3800.0000000000000        304.01310160152650     
   3810.0000000000000        303.99770087885628     
   3820.0000000000000        303.98234661464545     
   3830.0000000000000        303.96703858602990     
   3840.0000000000000        303.95177657204067     
   3850.0000000000000        303.93656035358833     
   3860.0000000000000        303.92138971343786     
   3870.0000000000000        303.90626443619072     
   3880.0000000000000        303.89118430826153     
   3890.0000000000000        303.87614911785772     
   3900.0000000000000        303.86115865496225     
   3910.0000000000000        303.84621271131010     
   3920.0000000000000        303.83131108037105     
   3930.0000000000000        303.81645355732741     
   3940.0000000000000        303.80163993905842     
   3950.0000000000000        303.78687002411823     
   3960.0000000000000        303.77214361271848     
   3970.0000000000000        303.75746050670938     
   3980.0000000000000        303.74282050956202     
   3990.0000000000000        303.72822342634964     
   4000.0000000000000        303.71366906372913     
   4010.0000000000000        303.69915722992516     
   4020.0000000000000        303.68468773471136     
   4030.0000000000000        303.67026038939355     
   4040.0000000000000        303.65587500679328     
   4050.0000000000000        303.64153140122761     
   4060.0000000000000        303.62722938850061     
   4070.0000000000000        303.61296878587740     
   4080.0000000000000        303.59874941207335     
   4090.0000000000000        303.58457108723809     
   4100.0000000000000        303.57043363293798     
   4110.0000000000000        303.55633687214117     
   4120.0000000000000        303.54228062920106     
   4130.0000000000000        303.52826472984520     
   4140.0000000000000        303.51428900115502     
   4150.0000000000000        303.50035327155416     
   4160.0000000000000        303.48645737079238     
   4170.0000000000000        303.47260112993195     
   4180.0000000000000        303.45878438133371     
   4190.0000000000000        303.44500695863957     
   4200.0000000000000        303.43126869676496     
   4210.0000000000000        303.41756943187903     
   4220.0000000000000        303.40390900139323     
   4230.0000000000000        303.39028724394893     
   4240.0000000000000        303.37670399940208     
   4250.0000000000000        303.36315910881109     
   4260.0000000000000        303.34965241442404     
   4270.0000000000000        303.33618375966716     
   4280.0000000000000        303.32275298912862     
   4290.0000000000000        303.30935994854832     
   4300.0000000000000        303.29600448480630     
   4310.0000000000000        303.28268644590810     
   4320.0000000000000        303.26940568097416     
   4330.0000000000000        303.25616204022987     
   4340.0000000000000        303.24295537498892     
   4350.0000000000000        303.22978553764642     
   4360.0000000000000        303.21665238166469     
   4370.0000000000000        303.20355576156277     
   4380.0000000000000        303.19049553290506     
   4390.0000000000000        303.17747155229125     
   4400.0000000000000        303.16448367734142     
   4410.0000000000000        303.15153176669145     
   4420.0000000000000        303.13861567997759     
   4430.0000000000000        303.12573527782848     
   4440.0000000000000        303.11289042185138     
   4450.0000000000000        303.10008097462622     
   4460.0000000000000        303.08730679969295     
   4470.0000000000000        303.07456776154044     
   4480.0000000000000        303.06186372559921     
   4490.0000000000000        303.04919455823057     
   4500.0000000000000        303.03656012671519     
   4510.0000000000000        303.02396029924643     
   4520.0000000000000        303.01139494491781     
   4530.0000000000000        302.99886393371770     
   4540.0000000000000        302.98636713651450     
   4550.0000000000000        302.97390442505372     
   4560.0000000000000        302.96147567194373     
   4570.0000000000000        302.94908075064859     
   4580.0000000000000        302.93671953548159     
   4590.0000000000000        302.92439190159257     
   4600.0000000000000        302.91209772496308     
   4610.0000000000000        302.89983688239471     
   4620.0000000000000        302.88760925150257     
   4630.0000000000000        302.87541471070551     
   4640.0000000000000        302.86325313922009     
   4650.0000000000000        302.85112441705127     
   4660.0000000000000        302.83902842498344     
   4670.0000000000000        302.82696504457397     
   4680.0000000000000        302.81493415814407     
   4690.0000000000000        302.80293564877246     
   4700.0000000000000        302.79096940028757     
   4710.0000000000000        302.77903529725864     
   4720.0000000000000        302.76713322498898     
   4730.0000000000000        302.75526306950991     
   4740.0000000000000        302.74342471757188     
   4750.0000000000000        302.73161805663563     
   4760.0000000000000        302.71984297487052     
   4770.0000000000000        302.70809936114176     
   4780.0000000000000        302.69638710500703     
   4790.0000000000000        302.68470609670675     
   4800.0000000000000        302.67305622716140     
   4810.0000000000000        302.66143738796023     
   4820.0000000000000        302.64984947135775     
   4830.0000000000000        302.63829237026579     
   4840.0000000000000        302.62676597824742     
   4850.0000000000000        302.61527018951108     
   4860.0000000000000        302.60380489890400     
   4870.0000000000000        302.59237000190376     
   4880.0000000000000        302.58096539461638     
   4890.0000000000000        302.56959097376637     
   4900.0000000000000        302.55824663669262     
   4910.0000000000000        302.54693228134295     
   4920.0000000000000        302.53564780626414     
   4930.0000000000000        302.52439311060476     
   4940.0000000000000        302.51316809409843     
   4950.0000000000000        302.50197265706697     
   4960.0000000000000        302.49080670041036     
   4970.0000000000000        302.47967012560179     
   4980.0000000000000        302.46856283468372     
   4990.0000000000000        302.45748473026049     
   5000.0000000000000        302.44643571549415     
   5010.0000000000000        302.43541569409933     
   5020.0000000000000        302.42442457033565     
   5030.0000000000000        302.41346224900838     
   5040.0000000000000        302.40252863545459     
   5050.0000000000000        302.39162363554607     
   5060.0000000000000        302.38074715567967     
   5070.0000000000000        302.36989910277481     
   5080.0000000000000        302.35907938426686     
   5090.0000000000000        302.34828790810309     
   5100.0000000000000        302.33752458273739     
   5110.0000000000000        302.32678931712752     
   5120.0000000000000        302.31608202072783     
   5130.0000000000000        302.30540260348619     
   5140.0000000000000        302.29475097583793     
   5150.0000000000000        302.28412704870476     
   5160.0000000000000        302.27353073348417     
   5170.0000000000000        302.26296194205332     
   5180.0000000000000        302.25242058675695     
   5190.0000000000000        302.24190658040715     
   5200.0000000000000        302.23141983627909     
   5210.0000000000000        302.22096026810533     
   5220.0000000000000        302.21052779007238     
   5230.0000000000000        302.20012231681659     
   5240.0000000000000        302.18974376342061     
   5250.0000000000000        302.17939204540727     
   5260.0000000000000        302.16906707873909     
   5270.0000000000000        302.15876877981077     
   5280.0000000000000        302.14849706544862     
   5290.0000000000000        302.13825185290409     
   5300.0000000000000        302.12803305985068     
   5310.0000000000000        302.11784060438157     
   5320.0000000000000        302.10767440500354     
   5330.0000000000000        302.09753438063694     
   5340.0000000000000        302.08742045060615     
   5350.0000000000000        302.07733253464249     
   5360.0000000000000        302.06727055287689     
   5370.0000000000000        302.05723442583712     
   5380.0000000000000        302.04722407444467     
   5390.0000000000000        302.03723942001096     
   5400.0000000000000        302.02728038423436     
   5410.0000000000000        302.01734688919697     
   5420.0000000000000        302.00743885736057     
   5430.0000000000000        301.99755621156390     
   5440.0000000000000        301.98769887501851     
   5450.0000000000000        301.97786677130790     
   5460.0000000000000        301.96805982438138     
   5470.0000000000000        301.95827795855445     
   5480.0000000000000        301.94852109850012     
   5490.0000000000000        301.93878916925297     
   5500.0000000000000        301.92908209620072     
   5510.0000000000000        301.91939980508329     
   5520.0000000000000        301.90974222198946     
   5530.0000000000000        301.90010927335459     
   5540.0000000000000        301.89050088595815     
   5550.0000000000000        301.88091698691750     
   5560.0000000000000        301.87135750369032     
   5570.0000000000000        301.86182236406700     
   5580.0000000000000        301.85231149616988     
   5590.0000000000000        301.84282482845151     
   5600.0000000000000        301.83336228969256     
   5610.0000000000000        301.82392380899381     
   5620.0000000000000        301.81450931578075     
   5630.0000000000000        301.80511873979566     
   5640.0000000000000        301.79575201109691     
   5650.0000000000000        301.78640906005757     
   5660.0000000000000        301.77708981736100     
   5670.0000000000000        301.76779421399851     
   5680.0000000000000        301.75852218126812     
   5690.0000000000000        301.74927365077161     
   5700.0000000000000        301.74004855441075     
   5710.0000000000000        301.73084682438736     
   5720.0000000000000        301.72166839319988     
   5730.0000000000000        301.71251319364001     
   5740.0000000000000        301.70338115879025     
   5750.0000000000000        301.69427222202552     
   5760.0000000000000        301.68518631700510     
   5770.0000000000000        301.67612337767366     
   5780.0000000000000        301.66708333826114     
   5790.0000000000000        301.65806613327561     
   5800.0000000000000        301.64907169750438     
   5810.0000000000000        301.64009996600970     
   5820.0000000000000        301.63115087412979     
   5830.0000000000000        301.62222435747481     
   5840.0000000000000        301.61332035192436     
   5850.0000000000000        301.60443879362577     
   5860.0000000000000        301.59557961899247     
   5870.0000000000000        301.58674276470214     
   5880.0000000000000        301.57792816769421     
   5890.0000000000000        301.56913576516814     
   5900.0000000000000        301.56036549458071     
   5910.0000000000000        301.55161729364636     
   5920.0000000000000        301.54289110033255     
   5930.0000000000000        301.53418685285817     
   5940.0000000000000        301.52550448969549     
   5950.0000000000000        301.51684394956266     
   5960.0000000000000        301.50820517142586     
   5970.0000000000000        301.49958809449549     
   5980.0000000000000        301.49099265822679     
   5990.0000000000000        301.48241880231524     
   6000.0000000000000        301.47386646669514     
   6010.0000000000000        301.46533559154096     
   6020.0000000000000        301.45682611726181     
   6030.0000000000000        301.44833798450236     
   6040.0000000000000        301.43987113413908     
   6050.0000000000000        301.43142550728214     
   6060.0000000000000        301.42300104526765     
   6070.0000000000000        301.41459768966251     
   6080.0000000000000        301.40621538225929     
   6090.0000000000000        301.39785406507525     
   6100.0000000000000        301.38951368035038     
   6110.0000000000000        301.38119417054889     
   6120.0000000000000        301.37289547835150     
   6130.0000000000000        301.36461754666033     
   6140.0000000000000        301.35636031859326     
   6150.0000000000000        301.34812373748406     
   6160.0000000000000        301.33990774688175     
   6170.0000000000000        301.33171229054619     
   6180.0000000000000        301.32353731245013     
   6190.0000000000000        301.31538275677570     
   6200.0000000000000        301.30724856791244     
   6210.0000000000000        301.29913469045965     
   6220.0000000000000        301.29104106921829     
   6230.0000000000000        301.28296764919719     
   6240.0000000000000        301.27491437560616     
   6250.0000000000000        301.26688119385813     
   6260.0000000000000        301.25886804956457     
   6270.0000000000000        301.25087488853615     
   6280.0000000000000        301.24290165678320     
   6290.0000000000000        301.23494830050930     
   6300.0000000000000        301.22701476611525     
   6310.0000000000000        301.21910100019585     
   6320.0000000000000        301.21120694953720     
   6330.0000000000000        301.20333256111741     
   6340.0000000000000        301.19547778210404     
   6350.0000000000000        301.18764255985485     
   6360.0000000000000        301.17982684191384     
   6370.0000000000000        301.17203057601239     
   6380.0000000000000        301.16425371006653     
   6390.0000000000000        301.15649619217777     
   6400.0000000000000        301.14875797063047     
   6410.0000000000000        301.14103899388789     
   6420.0000000000000        301.13333921059808     
   6430.0000000000000        301.12565856958611     
   6440.0000000000000        301.11799701985717     
   6450.0000000000000        301.11035451059251     
   6460.0000000000000        301.10273099114983     
   6470.0000000000000        301.09512641106329     
   6480.0000000000000        301.08754072004069     
   6490.0000000000000        301.07997386796217     
   6500.0000000000000        301.07242580488020     
   6510.0000000000000        301.06489648101916     
   6520.0000000000000        301.05738584677351     
   6530.0000000000000        301.04989385270528     
   6540.0000000000000        301.04242044954509     
   6550.0000000000000        301.03496558819182     
   6560.0000000000000        301.02752921970898     
   6570.0000000000000        301.02011129532502     
   6580.0000000000000        301.01271176643525     
   6590.0000000000000        301.00533058459348     
   6600.0000000000000        300.99796770151892     
   6610.0000000000000        300.99062306909150     
   6620.0000000000000        300.98329663935073     
   6630.0000000000000        300.97598836449703     
   6640.0000000000000        300.96869819688794     
   6650.0000000000000        300.96142608903779     
   6660.0000000000000        300.95417199362043     
   6670.0000000000000        300.94693586346318     
   6680.0000000000000        300.93971765154862     
   6690.0000000000000        300.93251731101407     
   6700.0000000000000        300.92533479514924     
   6710.0000000000000        300.91817005739762     
   6720.0000000000000        300.91102305135223     
   6730.0000000000000        300.90389373075743     
   6740.0000000000000        300.89678204950951     
   6750.0000000000000        300.88968796165034     
   6760.0000000000000        300.88261142137242     
   6770.0000000000000        300.87555238301479     
   6780.0000000000000        300.86851080106226     
   6790.0000000000000        300.86148663014762     
   6800.0000000000000        300.85447982504627     
   6810.0000000000000        300.84749034067914     
   6820.0000000000000        300.84051813211141     
   6830.0000000000000        300.83356315454853     
   6840.0000000000000        300.82662536334090     
   6850.0000000000000        300.81970471397756     
   6860.0000000000000        300.81280116208865     
   6870.0000000000000        300.80591466344492     
   6880.0000000000000        300.79904517395585     
   6890.0000000000000        300.79219264966827     
   6900.0000000000000        300.78535704676813     
   6910.0000000000000        300.77853832157660     
   6920.0000000000000        300.77173643055119     
   6930.0000000000000        300.76495133028669     
   6940.0000000000000        300.75818297750970     
   6950.0000000000000        300.75143132908454     
   6960.0000000000000        300.74469634200409     
   6970.0000000000000        300.73797797339944     
   6980.0000000000000        300.73127618052916     
   6990.0000000000000        300.72459092078503     
   7000.0000000000000        300.71792215169091     
   7010.0000000000000        300.71126983089817     
   7020.0000000000000        300.70463391618983     
   7030.0000000000000        300.69801436547584     
   7040.0000000000000        300.69141113679484     
   7050.0000000000000        300.68482418831468     
   7060.0000000000000        300.67825347832701     
   7070.0000000000000        300.67169896525400     
   7080.0000000000000        300.66516060763894     
   7090.0000000000000        300.65863836415315     
   7100.0000000000000        300.65213219359094     
   7110.0000000000000        300.64564205487244     
   7120.0000000000000        300.63916790703854     
   7130.0000000000000        300.63270970925470     
   7140.0000000000000        300.62626742080835     
   7150.0000000000000        300.61984100110686     
   7160.0000000000000        300.61343040968080     
   7170.0000000000000        300.60703560617890     
   7180.0000000000000        300.60065655037261     
   7190.0000000000000        300.59429320214980     
   7200.0000000000000        300.58794552151761     
   7210.0000000000000        300.58161346860464     
   7220.0000000000000        300.57529700365257     
   7230.0000000000000        300.56899608702224     
   7240.0000000000000        300.56271067919107     
   7250.0000000000000        300.55644074075298     
   7260.0000000000000        300.55018623241659     
   7270.0000000000000        300.54394711500623     
   7280.0000000000000        300.53772334945842     
   7290.0000000000000        300.53151489682853     
   7300.0000000000000        300.52532171828011     
   7310.0000000000000        300.51914377509337     
   7320.0000000000000        300.51298102865820     
   7330.0000000000000        300.50683344047872     
   7340.0000000000000        300.50070097216991     
   7350.0000000000000        300.49458358545633     
   7360.0000000000000        300.48848124217540     
   7370.0000000000000        300.48239390427239     
   7380.0000000000000        300.47632153380221     
   7390.0000000000000        300.47026409293159     
   7400.0000000000000        300.46422154393304     
   7410.0000000000000        300.45819384918713     
   7420.0000000000000        300.45218097118430     
   7430.0000000000000        300.44618287252058     
   7440.0000000000000        300.44019951589826     
   7450.0000000000000        300.43423086412764     
   7460.0000000000000        300.42827688012346     
   7470.0000000000000        300.42233752690606     
   7480.0000000000000        300.41641276760163     
   7490.0000000000000        300.41050256544014     
   7500.0000000000000        300.40460688375532     
   7510.0000000000000        300.39872568598639     
   7520.0000000000000        300.39285893567239     
   7530.0000000000000        300.38700659645843     
   7540.0000000000000        300.38116863209041     
   7550.0000000000000        300.37534500641652     
   7560.0000000000000        300.36953568338618     
   7570.0000000000000        300.36374062705141     
   7580.0000000000000        300.35795980156371     
   7590.0000000000000        300.35219317117259     
   7600.0000000000000        300.34644070023148     
   7610.0000000000000        300.34070235319291     
   7620.0000000000000        300.33497809460596     
   7630.0000000000000        300.32926788911954     
   7640.0000000000000        300.32357170148231     
   7650.0000000000000        300.31788949653850     
   7660.0000000000000        300.31222123923158     
   7670.0000000000000        300.30656689460153     
   7680.0000000000000        300.30092642778447     
   7690.0000000000000        300.29529980401492     
   7700.0000000000000        300.28968698862178     
   7710.0000000000000        300.28408794702960     
   7720.0000000000000        300.27850264475978     
   7730.0000000000000        300.27293104742603     
   7740.0000000000000        300.26737312073845     
   7750.0000000000000        300.26182883050205     
   7760.0000000000000        300.25629814261316     
   7770.0000000000000        300.25078102306355     
   7780.0000000000000        300.24527743793760     
   7790.0000000000000        300.23978735341240     
   7800.0000000000000        300.23431073575625     
   7810.0000000000000        300.22884755133265     
   7820.0000000000000        300.22339776659413     
   7830.0000000000000        300.21796134808449     
   7840.0000000000000        300.21253826244043     
   7850.0000000000000        300.20712847638799     
   7860.0000000000000        300.20173195674346     
   7870.0000000000000        300.19634867041401     
   7880.0000000000000        300.19097858439636     
   7890.0000000000000        300.18562166577550     
   7900.0000000000000        300.18027788172657     
   7910.0000000000000        300.17494719951299     
   7920.0000000000000        300.16962958648747     
   7930.0000000000000        300.16432501008899     
   7940.0000000000000        300.15903343784601     
   7950.0000000000000        300.15375483737313     
   7960.0000000000000        300.14848917637255     
   7970.0000000000000        300.14323642263355     
   7980.0000000000000        300.13799654403118     
   7990.0000000000000        300.13276950852867     
   8000.0000000000000        300.12755528417119     
   8010.0000000000000        300.12235383909450     
   8020.0000000000000        300.11716514151510     
   8030.0000000000000        300.11198915973813     
   8040.0000000000000        300.10682586214915     
   8050.0000000000000        300.10167521722224     
   8060.0000000000000        300.09653719351417     
   8070.0000000000000        300.09141175966391     
   8080.0000000000000        300.08629888439668     
   8090.0000000000000        300.08119853651755     
   8100.0000000000000        300.07611068491821     
   8110.0000000000000        300.07103529856926     
   8120.0000000000000        300.06597234652668     
   8130.0000000000000        300.06092179792699     
   8140.0000000000000        300.05588362198949     
   8150.0000000000000        300.05085778801356     
   8160.0000000000000        300.04584426537946     
   8170.0000000000000        300.04084302355170     
   8180.0000000000000        300.03585403207092     
   8190.0000000000000        300.03087726056140     
   8200.0000000000000        300.02591267872674     
   8210.0000000000000        300.02096025634950     
   8220.0000000000000        300.01601996329293     
   8230.0000000000000        300.01109176949888     
   8240.0000000000000        300.00617564498913     
   8250.0000000000000        300.00127155986200     
   8260.0000000000000        299.99637948429654     
   8270.0000000000000        299.99149938855101     
   8280.0000000000000        299.98663124295837     
   8290.0000000000000        299.98177501793089     
   8300.0000000000000        299.97693068395995     
   8310.0000000000000        299.97209821161084     
   8320.0000000000000        299.96727757152883     
   8330.0000000000000        299.96246873443448     
   8340.0000000000000        299.95767167112535     
   8350.0000000000000        299.95288635247380     
   8360.0000000000000        299.94811274943135     
   8370.0000000000000        299.94335083302087     
   8380.0000000000000        299.93860057434370     
   8390.0000000000000        299.93386194457651     
   8400.0000000000000        299.92913491497012     
   8410.0000000000000        299.92441945684959     
   8420.0000000000000        299.91971554161523     
   8430.0000000000000        299.91502314074171     
   8440.0000000000000        299.91034222577713     
   8450.0000000000000        299.90567276834412     
   8460.0000000000000        299.90101474013898     
   8470.0000000000000        299.89636811292911     
   8480.0000000000000        299.89173285855929     
   8490.0000000000000        299.88710894894263     
   8500.0000000000000        299.88249635606786     
   8510.0000000000000        299.87789505199498     
   8520.0000000000000        299.87330500885679     
   8530.0000000000000        299.86872619885628     
   8540.0000000000000        299.86415859427132     
   8550.0000000000000        299.85960216744832     
   8560.0000000000000        299.85505689080600     
   8570.0000000000000        299.85052273683584     
   8580.0000000000000        299.84599967809720     
   8590.0000000000000        299.84148768722110     
   8600.0000000000000        299.83698673691043     
   8610.0000000000000        299.83249679993719     
   8620.0000000000000        299.82801784914238     
   8630.0000000000000        299.82354985743859     
   8640.0000000000000        299.81909279780666     
   8650.0000000000000        299.81464664329809     
   8660.0000000000000        299.81021136703146     
   8670.0000000000000        299.80578694219560     
   8680.0000000000000        299.80137334204869     
   8690.0000000000000        299.79697053991606     
   8700.0000000000000        299.79257850919083     
   8710.0000000000000        299.78819722333657     
   8720.0000000000000        299.78382665588271     
   8730.0000000000000        299.77946678042753     
   8740.0000000000000        299.77511757063604     
   8750.0000000000000        299.77077900023960     
   8760.0000000000000        299.76645104303861     
   8770.0000000000000        299.76213367289961     
   8780.0000000000000        299.75782686375567     
   8790.0000000000000        299.75353058960587     
   8800.0000000000000        299.74924482451570     
   8810.0000000000000        299.74496954261821     
   8820.0000000000000        299.74070471810933     
   8830.0000000000000        299.73645032525326     
   8840.0000000000000        299.73220633837951     
   8850.0000000000000        299.72797273188098     
   8860.0000000000000        299.72374948021741     
   8870.0000000000000        299.71953655791299     
   8880.0000000000000        299.71533393955639     
   8890.0000000000000        299.71114159980158     
   8900.0000000000000        299.70695951336484     
   8910.0000000000000        299.70278765502911     
   8920.0000000000000        299.69862599963915     
   8930.0000000000000        299.69447452210574     
   8940.0000000000000        299.69033319740174     
   8950.0000000000000        299.68620200056205     
   8960.0000000000000        299.68208090668844     
   8970.0000000000000        299.67796989094330     
   8980.0000000000000        299.67386892855149     
   8990.0000000000000        299.66977799480151     
   9000.0000000000000        299.66569706504453     
   9010.0000000000000        299.66162611469241     
   9020.0000000000000        299.65756511922228     
   9030.0000000000000        299.65351405417005     
   9040.0000000000000        299.64947289513384     
   9050.0000000000000        299.64544161777627     
   9060.0000000000000        299.64142019781787     
   9070.0000000000000        299.63740861104168     
   9080.0000000000000        299.63340683329250     
   9090.0000000000000        299.62941484047610     
   9100.0000000000000        299.62543260855711     
   9110.0000000000000        299.62146011356174     
   9120.0000000000000        299.61749733157842     
   9130.0000000000000        299.61354423875281     
   9140.0000000000000        299.60960081129178     
   9150.0000000000000        299.60566702546345     
   9160.0000000000000        299.60174285759359     
   9170.0000000000000        299.59782828406787     
   9180.0000000000000        299.59392328133271     
   9190.0000000000000        299.59002782589243     
   9200.0000000000000        299.58614189431108     
   9210.0000000000000        299.58226546321043     
   9220.0000000000000        299.57839850927206     
   9230.0000000000000        299.57454100923616     
   9240.0000000000000        299.57069293990054     
   9250.0000000000000        299.56685427812141     
   9260.0000000000000        299.56302500081375     
   9270.0000000000000        299.55920508494972     
   9280.0000000000000        299.55539450755873     
   9290.0000000000000        299.55159324572901     
   9300.0000000000000        299.54780127660564     
   9310.0000000000000        299.54401857739072     
   9320.0000000000000        299.54024512534323     
   9330.0000000000000        299.53648089777960     
   9340.0000000000000        299.53272587207323     
   9350.0000000000000        299.52898002565337     
   9360.0000000000000        299.52524333600650     
   9370.0000000000000        299.52151578067543     
   9380.0000000000000        299.51779733725778     
   9390.0000000000000        299.51408798340788     
   9400.0000000000000        299.51038769683726     
   9410.0000000000000        299.50669645531121     
   9420.0000000000000        299.50301423665121     
   9430.0000000000000        299.49934101873583     
   9440.0000000000000        299.49567677949500     
   9450.0000000000000        299.49202149691780     
   9460.0000000000000        299.48837514904596     
   9470.0000000000000        299.48473771397619     
   9480.0000000000000        299.48110916986099     
   9490.0000000000000        299.47748949490551     
   9500.0000000000000        299.47387866737068     
   9510.0000000000000        299.47027666557113     
   9520.0000000000000        299.46668346787624     
   9530.0000000000000        299.46309905270761     
   9540.0000000000000        299.45952339854216     
   9550.0000000000000        299.45595648391014     
   9560.0000000000000        299.45239828739415     
   9570.0000000000000        299.44884878763287     
   9580.0000000000000        299.44530796331395     
   9590.0000000000000        299.44177579318080     
   9600.0000000000000        299.43825225603126     
   9610.0000000000000        299.43473733071187     
   9620.0000000000000        299.43123099612444     
   9630.0000000000000        299.42773323122327     
   9640.0000000000000        299.42424401501330     
   9650.0000000000000        299.42076332655370     
   9660.0000000000000        299.41729114495394     
   9670.0000000000000        299.41382744937664     
   9680.0000000000000        299.41037221903622     
   9690.0000000000000        299.40692543319761     
   9700.0000000000000        299.40348707117738     
   9710.0000000000000        299.40005711234471     
   9720.0000000000000        299.39663553611877     
   9730.0000000000000        299.39322232197014     
   9740.0000000000000        299.38981744942197     
   9750.0000000000000        299.38642089804387     
   9760.0000000000000        299.38303264746173     
   9770.0000000000000        299.37965267734774     
   9780.0000000000000        299.37628096742645     
   9790.0000000000000        299.37291749747180     
   9800.0000000000000        299.36956224730920     
   9810.0000000000000        299.36621519681205     
   9820.0000000000000        299.36287632590501     
   9830.0000000000000        299.35954561456305     
   9840.0000000000000        299.35622304280957     
   9850.0000000000000        299.35290859071716     
   9860.0000000000000        299.34960223840841     
   9870.0000000000000        299.34630396605610     
   9880.0000000000000        299.34301375388020     
   9890.0000000000000        299.33973158215110     
   9900.0000000000000        299.33645743118683     
   9910.0000000000000        299.33319128135622     
   9920.0000000000000        299.32993311307382     
   9930.0000000000000        299.32668290680499     
   9940.0000000000000        299.32344064306216     
   9950.0000000000000        299.32020630240646     
   9960.0000000000000        299.31697986544640     
   9970.0000000000000        299.31376131284031     
   9980.0000000000000        299.31055062529163     
   9990.0000000000000        299.30734778355384     
   10000.000000000000        299.30415276842592     
   10010.000000000000        299.30096556075711     
   10020.000000000000        299.29778614144163     
   10030.000000000000        299.29461449141945     
   10040.000000000000        299.29145059168354     
   10050.000000000000        299.28829442326770     
   10060.000000000000        299.28514596725591     
   10070.000000000000        299.28200520477634     
   10080.000000000000        299.27887211700693     
   10090.000000000000        299.27574668516985     
   10100.000000000000        299.27262889053492     
   10110.000000000000        299.26951871441622     
   10120.000000000000        299.26641613817515     
   10130.000000000000        299.26332114322094     
   10140.000000000000        299.26023371100558     
   10150.000000000000        299.25715382302849     
   10160.000000000000        299.25408146083464     
   10170.000000000000        299.25101660601479     
   10180.000000000000        299.24795924020373     
   10190.000000000000        299.24490934508236     
   10200.000000000000        299.24186690237730     
   10210.000000000000        299.23883189385987     
   10220.000000000000        299.23580430134592     
   10230.000000000000        299.23278410669622     
   10240.000000000000        299.22977129181731     
   10250.000000000000        299.22676583865859     
   10260.000000000000        299.22376772921484     
   10270.000000000000        299.22077694552564     
   10280.000000000000        299.21779346967418     
   10290.000000000000        299.21481728378808     
   10300.000000000000        299.21184837003858     
   10310.000000000000        299.20888671064171     
   10320.000000000000        299.20593228785589     
   10330.000000000000        299.20298508398486     
   10340.000000000000        299.20004508137561     
   10350.000000000000        299.19711226241583     
   10360.000000000000        299.19418660954113     
   10370.000000000000        299.19126810522727     
   10380.000000000000        299.18835673199328     
   10390.000000000000        299.18545247240337     
   10400.000000000000        299.18255530906202     
   10410.000000000000        299.17966522461842     
   10420.000000000000        299.17678220176361     
   10430.000000000000        299.17390622323114     
   10440.000000000000        299.17103727179676     
   10450.000000000000        299.16817533027904     
   10460.000000000000        299.16532038153952     
   10470.000000000000        299.16247240848060     
   10480.000000000000        299.15963139404818     
   10490.000000000000        299.15679732122908     
   10500.000000000000        299.15397017305082     
   10510.000000000000        299.15114993258510     
   10520.000000000000        299.14833658294384     
   10530.000000000000        299.14553010728042     
   10540.000000000000        299.14273048879085     
   10550.000000000000        299.13993771071046     
   10560.000000000000        299.13715175631739     
   10570.000000000000        299.13437260893016     
   10580.000000000000        299.13160025190871     
   10590.000000000000        299.12883466865276     
   10600.000000000000        299.12607584260508     
   10610.000000000000        299.12332375724691     
   10620.000000000000        299.12057839609986     
   10630.000000000000        299.11783974272913     
   10640.000000000000        299.11510778073682     
   10650.000000000000        299.11238249376714     
   10660.000000000000        299.10966386550342     
   10670.000000000000        299.10695187967087     
   10680.000000000000        299.10424652003229     
   10690.000000000000        299.10154777039185     
   10700.000000000000        299.09885561459271     
   10710.000000000000        299.09617003651914     
   10720.000000000000        299.09349102009321     
   10730.000000000000        299.09081854927751     
   10740.000000000000        299.08815260807381     
   10750.000000000000        299.08549318052223     
   10760.000000000000        299.08284025070435     
   10770.000000000000        299.08019380273743     
   10780.000000000000        299.07755382078102     
   10790.000000000000        299.07492028903215     
   10800.000000000000        299.07229319172569     
