 REPARTITION DE LA TEMPERATURE AU SEIN DE L'ECHANGEUR A LA FIN DU STOCKAGE
   568.42091211980949     
   568.68199826616990     
   568.85732996456807     
   569.01707029699901     
   569.16506274911524     
   569.99867606359783     
   568.49212432677666     
   568.74115792611815     
   568.90841243150351     
   569.06080709433695     
   569.20200617056560     
   569.99741278457509     
   568.48565071136807     
   568.73548624522800     
   568.90329551607647     
   569.05620851232209     
   569.19789953031932     
   569.99614499212453     
   568.47728176958958     
   568.72823165682348     
   568.89680554173776     
   569.05042809499093     
   569.19278824792798     
   569.99487110075802     
   568.46886055789400     
   568.72093221890611     
   568.89027575759928     
   569.04461250505926     
   569.18764613120561     
   569.99359107124985     
   568.46042350564119     
   568.71361833092135     
   568.88373251399457     
   569.03878440403025     
   569.18249242431648     
   569.99230489494335     
   568.45197127966787     
   568.70629054791391     
   568.87717629092185     
   569.03294420355564     
   569.17732747561638     
   569.99101256374843     
   568.44350388403848     
   568.69894887182977     
   568.87060708893227     
   569.02709190293535     
   569.17215128326916     
   569.98971406958401     
   568.43502131115144     
   568.69159329488355     
   568.86402490014052     
   569.02122749421494     
   569.16696383927615     
   569.98840940436980     
   568.42652355326175     
   568.68422380916832     
   568.85742971655532     
   569.01535096934890     
   569.16176513556320     
   569.98709856002529     
   568.41801060267676     
   568.67684040682173     
   568.85082153022574     
   569.00946232032641     
   569.15655516408469     
   569.98578152847006     
   568.40948245176321     
   568.66944308003121     
   568.84420033324261     
   569.00356153917221     
   569.15133391682502     
   569.98445830162382     
   568.40093909294296     
   568.66203182102811     
   568.83756611773686     
   568.99764861794563     
   569.14610138579803     
   569.98312887140617     
   568.39238051869245     
   568.65460662209387     
   568.83091887588068     
   568.99172354874122     
   569.14085756304837     
   569.98179322973715     
   568.38380672154426     
   568.64716747555326     
   568.82425859988484     
   568.98578632368799     
   569.13560244064888     
   569.98045136853693     
   568.37521769408897     
   568.63971437378029     
   568.81758528200305     
   568.97983693495075     
   569.13033601070424     
   569.97910327972613     
   568.36661342896878     
   568.63224730919524     
   568.81089891452882     
   568.97387537472900     
   569.12505826534777     
   569.97774895522525     
   568.35799391887724     
   568.62476627425576     
   568.80419948978954     
   568.96790163525304     
   569.11976919673828     
   569.97638838695582     
   568.34935915656695     
   568.61727126147377     
   568.79748700015898     
   568.96191570879034     
   569.11446879706853     
   569.97502156683925     
   568.34070913484231     
   568.60976226340449     
   568.79076143804730     
   568.95591758764215     
   569.10915705855723     
   569.97364848679752     
   568.33204384655721     
   568.60223927264281     
   568.78402279590011     
   568.94990726413789     
   569.10383397344879     
   569.97226913875329     
   568.32336328461975     
   568.59470228182886     
   568.77727106620443     
   568.94388473064578     
   569.09849953402079     
   569.97088351462958     
   568.31466744199054     
   568.58715128364724     
   568.77050624148262     
   568.93784997956254     
   569.09315373257471     
   569.96949160635029     
   568.30595631168046     
   568.57958627082769     
   568.76372831429899     
   568.93180300332142     
   569.08779656144372     
   569.96809340583934     
   568.29722988674882     
   568.57200723613562     
   568.75693727724661     
   568.92574379438111     
   569.08242801298081     
   569.96668890502190     
   568.28848816030677     
   568.56441417238375     
   568.75013312296187     
   568.91967234523690     
   569.07704807957305     
   569.96527809582358     
   568.27973112551695     
   568.55680707242720     
   568.74331584411709     
   568.91358864841595     
   569.07165675363228     
   569.96386097017091     
   568.27095877558736     
   568.54918592915828     
   568.73648543341676     
   568.90749269647210     
   569.06625402759482     
   569.96243751999111     
   568.26217110377229     
   568.54155073550965     
   568.72964188360140     
   568.90138448199264     
   569.06083989392448     
   569.96100773721219     
   568.25336810338092     
   568.53390148445783     
   568.72278518744952     
   568.89526399759495     
   569.05541434511133     
   569.95957161376327     
   568.24454976776235     
   568.52623816901746     
   568.71591533777200     
   568.88913123592658     
   569.04997737367057     
   569.95812914157443     
   568.23571609031546     
   568.51856078223864     
   568.70903232741182     
   568.88298618966121     
   569.04452897214117     
   569.95668031257605     
   568.22686706448769     
   568.51086931721738     
   568.70213614925206     
   568.87682885150866     
   569.03906913309163     
   569.95522511870013     
   568.21800268376694     
   568.50316376708315     
   568.69522679620331     
   568.87065921420231     
   569.03359784911061     
   569.95376355187955     
   568.20912294168465     
   568.49544412500074     
   568.68830426120962     
   568.86447727050302     
   569.02811511281129     
   569.95229560404812     
   568.20022783182446     
   568.48771038417829     
   568.68136853725025     
   568.85828301320419     
   569.02262091683440     
   569.95082126714112     
   568.19131734780694     
   568.47996253785720     
   568.67441961733596     
   568.85207643512535     
   569.01711525384269     
   569.94934053309441     
   568.18239148329565     
   568.47220057931463     
   568.66745749450672     
   568.84585752911232     
   569.01159811652064     
   569.94785339384555     
   568.17345023200187     
   568.46442450186578     
   568.66048216183685     
   568.83962628803931     
   569.00606949757946     
   569.94635984133299     
   568.16449358767215     
   568.45663429885792     
   568.65349361242863     
   568.83338270480624     
   569.00052938975091     
   569.94485986749658     
   568.15552154410079     
   568.44882996367971     
   568.64649183942038     
   568.82712677234315     
   568.99497778579052     
   569.94335346427715     
   568.14653409511527     
   568.44101148974437     
   568.63947683597166     
   568.82085848359975     
   568.98941467847533     
   569.94184062361728     
   568.13753123458889     
   568.43317887050694     
   568.63244859527890     
   568.81457783155599     
   568.98384006060496     
   569.94032133746077     
   568.12851295643463     
   568.42533209945373     
   568.62540711056693     
   568.80828480921889     
   568.97825392500226     
   569.93879559775257     
   568.11947925460129     
   568.41747117010243     
   568.61835237508592     
   568.80197940961534     
   568.97265626450883     
   569.93726339643911     
   568.11043012307687     
   568.40959607600450     
   568.61128438211711     
   568.79566162580045     
   568.96704707199024     
   569.93572472546873     
   568.10136555588929     
   568.40170681074335     
   568.60420312496888     
   568.78933145085261     
   568.96142634033083     
   569.93417957679026     
   568.09228554710251     
   568.39380336793511     
   568.59710859697998     
   568.78298887787605     
   568.95579406243758     
   569.93262794235488     
   568.08319009081367     
   568.38588574122298     
   568.59000079151099     
   568.77663389999486     
   568.95015023123563     
   569.93106981411518     
   568.07407918116485     
   568.37795392428779     
   568.58287970195579     
   568.77026651036260     
   568.94449483967412     
   569.92950518402495     
   568.06495281232310     
   568.37000791083153     
   568.57574532172794     
   568.76388670214840     
   568.93882788071699     
   569.92793404403994     
   568.05581097849790     
   568.36204769459323     
   568.56859764427315     
   568.75749446855025     
   568.93314934735167     
   569.92635638611716     
   568.04665367393011     
   568.35407326933841     
   568.56143666305877     
   568.75108980278549     
   568.92745923258258     
   569.92477220221554     
   568.03748089289854     
   568.34608462886308     
   568.55426237158201     
   568.74467269809611     
   568.92175752943672     
   569.92318148429581     
   568.02829262970874     
   568.33808176698847     
   568.54707476335932     
   568.73824314774333     
   568.91604423095544     
   569.92158422432010     
   568.01908887870582     
   568.33006467756684     
   568.53987383193589     
   568.73180114501031     
   568.91031933020122     
   569.91998041425211     
   568.00986963426226     
   568.32203335447628     
   568.53265957087876     
   568.72534668320202     
   568.90458282025315     
   569.91837004605770     
   568.00063489078525     
   568.31398779162225     
   568.52543197378043     
   568.71887975564368     
   568.89883469421045     
   569.91675311170434     
   567.99138464271300     
   568.30592798293901     
   568.51819103425782     
   568.71240035568280     
   568.89307494518914     
   569.91512960316152     
   567.98211888451522     
   568.29785392238387     
   568.51093674594824     
   568.70590847668552     
   568.88730356632288     
   569.91349951239988     
   567.97283761068843     
   568.28976560394085     
   568.50366910251194     
   568.69940411203652     
   568.88152055076137     
   569.91186283139280     
   567.96354081576499     
   568.28166302162253     
   568.49638809763655     
   568.69288725514491     
   568.87572589167382     
   569.91021955211522     
   567.95422849430395     
   568.27354616946479     
   568.48909372502692     
   568.68635789943528     
   568.86991958224496     
   569.90856966654326     
   567.94490064089109     
   568.26541504152578     
   568.48178597840990     
   568.67981603835142     
   568.86410161567483     
   569.90691316665607     
   567.93555725014346     
   568.25726963189015     
   568.47446485153614     
   568.67326166535759     
   568.85827198518098     
   569.90525004443430     
   567.92619831670561     
   568.24910993466835     
   568.46713033817559     
   568.66669477393486     
   568.85243068399757     
   569.90358029186029     
   567.91682383524903     
   568.24093594399073     
   568.45978243212073     
   568.66011535758514     
   568.84657770537478     
   569.90190390091857     
   567.90743380047263     
   568.23274765401311     
   568.45242112718245     
   568.65352340982508     
   568.84071304257566     
   569.90022086359579     
   567.89802820710429     
   568.22454505891551     
   568.44504641719539     
   568.64691892419353     
   568.83483668888425     
   569.89853117188090     
   567.88860704989349     
   568.21632815289558     
   568.43765829600909     
   568.64030189424113     
   568.82894863759179     
   569.89683481776399     
   567.87917032362066     
   568.20809693017941     
   568.43025675749755     
   568.63367231354096     
   568.82304888201293     
   569.89513179323808     
   567.86971802308824     
   568.19985138501022     
   568.42284179555031     
   568.62703017567878     
   568.81713741547026     
   569.89342209029815     
   567.86025014312509     
   568.19159151165366     
   568.41541340407787     
   568.62037547426098     
   568.81121423130594     
   569.89170570094086     
   567.85076667858448     
   568.18331730439888     
   568.40797157701104     
   568.61370820290858     
   568.80527932287430     
   569.88998261716529     
   567.84126762434551     
   568.17502875755463     
   568.40051630829635     
   568.60702835525956     
   568.79933268354421     
   569.88825283097299     
   567.83175297530875     
   568.16672586544883     
   568.39304759189940     
   568.60033592496620     
   568.79337430669796     
   569.88651633436700     
   567.82222272639717     
   568.15840862242896     
   568.38556542180231     
   568.59363090569741     
   568.78740418573125     
   569.88477311935287     
   567.81267687256218     
   568.15007702286675     
   568.37806979200911     
   568.58691329113981     
   568.78142231405570     
   569.88302317793875     
   567.80311540877392     
   568.14173106114981     
   568.37056069653624     
   568.58018307499196     
   568.77542868509329     
   569.88126650213428     
   567.79353833002619     
   568.13337073168668     
   568.36303812942288     
   568.57344025097177     
   568.76942329228348     
   569.87950308395182     
   567.78394563133224     
   568.12499602890307     
   568.35550208471784     
   568.56668481280644     
   568.76340612907313     
   569.87773291540600     
   567.77433730773157     
   568.11660694724651     
   568.34795255649374     
   568.55991675424343     
   568.75737718892708     
   569.87595598851362     
   567.76471335428346     
   568.10820348118091     
   568.34038953883635     
   568.55313606904315     
   568.75133646532174     
   569.87417229529365     
   567.75507376606538     
   568.09978562518745     
   568.33281302584612     
   568.54634275097715     
   568.74528395174241     
   569.87238182776753     
   567.74541853817789     
   568.09135337376767     
   568.32522301164249     
   568.53953679383505     
   568.73921964169165     
   569.87058457795888     
   567.73574766574325     
   568.08290672143858     
   568.31761949035911     
   568.53271819141901     
   568.73314352868169     
   569.86878053789383     
   567.72606114390305     
   568.07444566273659     
   568.31000245614564     
   568.52588693754490     
   568.72705560623820     
   569.86696969960065     
   567.71635896781731     
   568.06597019221431     
   568.30237190316711     
   568.51904302604248     
   568.72095586789692     
   569.86515205511034     
   567.70664113266605     
   568.05748030444033     
   568.29472782560242     
   568.51218645075392     
   568.71484430720727     
   569.86332759645597     
   567.69690763365077     
   568.04897599400488     
   568.28707021765024     
   568.50531720553806     
   568.70872091773060     
   569.86149631567298     
   567.68715846598843     
   568.04045725550600     
   568.27939907351526     
   568.49843528426072     
   568.70258569303655     
   569.85965820479942     
   567.67739362491557     
   568.03192408356392     
   568.27171438742380     
   568.49154068080577     
   568.69643862670932     
   569.85781325587584     
   567.66761310569075     
   568.02337647281570     
   568.26401615361510     
   568.48463338906924     
   568.69027971234459     
   569.85596146094474     
   567.65781690358574     
   568.01481441791032     
   568.25630436634083     
   568.47771340295708     
   568.68410894354622     
   569.85410281205179     
   567.64800501389504     
   568.00623791351586     
   568.24857901986945     
   568.47078071639191     
   568.67792631393309     
   569.85223730124460     
   567.63817743192521     
   567.99764695431281     
   568.24084010847889     
   568.46383532330321     
   568.67173181713031     
   569.85036492057316     
   567.62833415300554     
   567.98904153499939     
   568.23308762646536     
   568.45687721763784     
   568.66552544677779     
   569.84848566209052     
   567.61847517247918     
   567.98042165028687     
   568.22532156813509     
   568.44990639335072     
   568.65930719652374     
   569.84659951785170     
   567.60860048570805     
   567.97178729490383     
   568.21754192781145     
   568.44292284441258     
   568.65307706002818     
   569.84470647991475     
   567.59871008807124     
   567.96313846359078     
   568.20974869982604     
   568.43592656480223     
   568.64683503096080     
   569.84280654033967     
 
