 REPARTITION DE LA TEMPERATURE AU SEIN DE L'ECHANGEUR AVANT LE STOCKAGE
   310.34670607165918     
   310.07911679406635     
   309.88331191464249     
   309.69148298820556     
   309.50096059302717     
   305.88822947579547     
   322.32002127064300     
   322.58761500695431     
   322.78342330784830     
   322.97525570490450     
   323.16578165058854     
   326.96238496912343     
   322.57299900286324     
   322.85822153229407     
   323.06710443911641     
   323.27188682516089     
   323.47540567646757     
   327.46589939775396     
   322.54879840419329     
   322.83442600463354     
   323.04361292528881     
   323.24869931504907     
   323.45252586938591     
   327.44733424390131     
   322.51925499756578     
   322.80486538851136     
   323.01403991897905     
   323.21911433529084     
   323.42292915324862     
   327.41729682309580     
   322.48962153771146     
   322.77520568752232     
   322.98436100461328     
   323.18941658827652     
   323.39321269315235     
   327.38703550148171     
   322.45999346987190     
   322.74555120695447     
   322.95468717995902     
   323.15972379870658     
   323.36350105515635     
   327.35677706548404     
   322.43037245975592     
   322.71590378714586     
   322.92502041817892     
   323.13003807399542     
   323.33379648390724     
   327.32652581766956     
   322.40075854135847     
   322.68626346534199     
   322.89536075900497     
   323.10035945639964     
   323.30409902425282     
   327.29628184191961     
   322.37115172125556     
   322.65663024818082     
   322.86570820912283     
   323.07068795265417     
   323.27440868297953     
   327.26604514581527     
   322.34155200558047     
   322.62700414180250     
   322.83606277467828     
   323.04102356890917     
   323.24472546624145     
   327.23581573561410     
   322.31195940046979     
   322.59738515234915     
   322.80642446181685     
   323.01136631131436     
   323.21504938019274     
   327.20559361756187     
   322.28237391206454     
   322.56777328596667     
   322.77679327668830     
   322.98171618602339     
   323.18538043099056     
   327.17537879790751     
   322.25279554651144     
   322.53816854880824     
   322.74716922544997     
   322.95207319919700     
   323.15571862479965     
   327.14517128290720     
   322.22322430996746     
   322.50857094703485     
   322.71755231426692     
   322.92243735700492     
   323.12606396779364     
   327.11497107882633     
   322.19366020859536     
   322.47898048681600     
   322.68794254931299     
   322.89280866562439     
   323.09641646615370     
   327.08477819193786     
   322.16410324856298     
   322.44939717432527     
   322.65833993676512     
   322.86318713123671     
   323.06677612606535     
   327.05459262851952     
   322.13455343605028     
   322.41982101574666     
   322.62874448281144     
   322.83357276003369     
   323.03714295372345     
   327.02441439485818     
   322.10501077724115     
   322.39025201727054     
   322.59915619364682     
   322.80396555821386     
   323.00751695533108     
   326.99424349724910     
   322.07547527832651     
   322.36069018509249     
   322.56957507547054     
   322.77436553198112     
   322.97789813709630     
   326.96407994199268     
   322.04594694550735     
   322.33113552542045     
   322.54000113449439     
   322.74477268755061     
   322.94828650523743     
   326.93392373539967     
   322.01642578499184     
   322.30158804446643     
   322.51043437693488     
   322.71518703114350     
   322.91868206598053     
   326.90377488378874     
   321.98691180299681     
   322.27204774845387     
   322.48087480901893     
   322.68560856898978     
   322.88908482555854     
   326.87363339348548     
   321.95740500574288     
   322.24251464360907     
   322.45132243697759     
   322.65603730732465     
   322.85949479021110     
   326.84349927082241     
   321.92790539946589     
   322.21298873617218     
   322.42177726705410     
   322.62647325239601     
   322.82991196619002     
   326.81337252214422     
   321.89841299040336     
   322.18347003238682     
   322.39223930549713     
   322.59691641045572     
   322.80033635975082     
   326.78325315379965     
   321.86892778480563     
   322.15395853850987     
   322.36270855856696     
   322.56736678776844     
   322.77076797716273     
   326.75314117215117     
   321.83944978892879     
   322.12445426080251     
   322.33318503252906     
   322.53782439060365     
   322.74120682469868     
   326.72303658356498     
   321.80997900903986     
   322.09495720553588     
   322.30366873365858     
   322.50828922524022     
   322.71165290864144     
   326.69293939441735     
   321.78051545141534     
   322.06546737899390     
   322.27415966824350     
   322.47876129797044     
   322.68210623528796     
   326.66284961109886     
   321.75105912233687     
   322.03598478746244     
   322.24465784257393     
   322.44924061508823     
   322.65256681093541     
   326.63276724000059     
   321.72161002809725     
   322.00650943724060     
   322.21516326295301     
   322.41972718290083     
   322.62303464189529     
   326.60269228752770     
   321.69216817500228     
   321.97704133464003     
   322.18567593569645     
   322.39022100772775     
   322.59350973449102     
   326.57262476009811     
   321.66273356936199     
   321.94758048597583     
   322.15619586712342     
   322.36072209589224     
   322.56399209504997     
   326.54256466413318     
   321.63330621749549     
   321.91812689757313     
   322.12672306356285     
   322.33123045372776     
   322.53448172990960     
   326.51251200606464     
   321.60388612574093     
   321.88868057577491     
   322.09725753136263     
   322.30174608758557     
   322.50497864542496     
   326.48246679234234     
   321.57447330043408     
   321.85924152692286     
   322.06779927686779     
   322.27226900381515     
   322.47548284794993     
   326.45242902941487     
   321.54506774792878     
   321.82980975737701     
   322.03834830644274     
   322.24279920878473     
   322.44599434385634     
   326.42239872374887     
   321.51566947458770     
   321.80038527350513     
   322.00890462645941     
   322.21333670887014     
   322.41651313952428     
   326.39237588181936     
   321.48627848678308     
   321.77096808168523     
   321.97946824330023     
   322.18388151045832     
   322.38703924134444     
   326.36236051011258     
   321.45689479089833     
   321.74155818830718     
   321.95003916335884     
   322.15443361994681     
   322.35757265571880     
   326.33235261512567     
   321.42751839332965     
   321.71215559977122     
   321.92061739303972     
   322.12499304374387     
   322.32811338905947     
   326.30235220336635     
   321.39814930047896     
   321.68276032248656     
   321.89120293875595     
   322.09555978826711     
   322.29866144778805     
   326.27235928135207     
   321.36878751876787     
   321.65337236287945     
   321.86179580693869     
   322.06613385995144     
   322.26921683834382     
   326.24237385561781     
   321.33943305462151     
   321.62399172738117     
   321.83239600402248     
   322.03671526523544     
   322.23977956716902     
   326.21239593270246     
   321.31008591448449     
   321.59461842244173     
   321.80300353646237     
   322.00730401057871     
   322.21034964072771     
   326.18242551916597     
   321.28074610480616     
   321.56525245451650     
   321.77361841071746     
   321.97790010244398     
   322.18092706548657     
   326.15246262157177     
   321.25141363205239     
   321.53589383007659     
   321.74424063326290     
   321.94850354731085     
   322.15151184792887     
   326.12250724649977     
   321.22208850270147     
   321.50654255560738     
   321.71487021058908     
   321.91911435167361     
   322.12210399455358     
   326.09255940054607     
   321.19277072324445     
   321.47719863760386     
   321.68550714919411     
   321.88973252203454     
   322.09270351186706     
   326.06261909031400     
   321.16346030018451     
   321.44786208257625     
   321.65615145559303     
   321.86035806491259     
   322.06331040639151     
   326.03268632242322     
   321.13415724003886     
   321.41853289704704     
   321.62680313631267     
   321.83099098683954     
   322.03392468466404     
   326.00276110350865     
   321.10486154934023     
   321.38921108755460     
   321.59746219789542     
   321.80163129436113     
   322.00454635323371     
   325.97284344021693     
   321.07557323463055     
   321.35989666064688     
   321.56812864689368     
   321.77227899403420     
   321.97517541866222     
   325.94293333920780     
   321.04629230246962     
   321.33058962288999     
   321.53880248987707     
   321.74293409243245     
   321.94581188752625     
   325.91303080715659     
   321.01701875943274     
   321.30128998086428     
   321.50948373343124     
   321.71359659614598     
   321.91645576642122     
   325.88313585075707     
   320.98775261210585     
   321.27199774116144     
   321.48017238415173     
   321.68426651177435     
   321.88710706195019     
   325.85324847671103     
   320.95849386709710     
   321.24271291039616     
   321.45086844865756     
   321.65494384594058     
   321.85776578074075     
   325.82336869174532     
   320.92924253102092     
   321.21343549518895     
   321.42157193357286     
   321.62562860527333     
   321.82843192942539     
   325.79349650259161     
   320.89999861051649     
   321.18416550218330     
   321.39228284554684     
   321.59632079642574     
   321.79910551466179     
   325.76363191600728     
   320.87076211223149     
   321.15490293803464     
   321.36300119123797     
   321.56702042606105     
   321.76978654311722     
   325.73377493875938     
   320.84153304283825     
   321.12564780942006     
   321.33372697732847     
   321.53772750086517     
   321.74047502148164     
   325.70392557763796     
   320.81231140902048     
   321.09640012302935     
   321.30446021051142     
   321.50844202753558     
   321.71117095645718     
   325.67408383944581     
   320.78309721747843     
   321.06715988556925     
   321.27520089749942     
   321.47916401278911     
   321.68187435476455     
   325.64424973100438     
   320.75389047493576     
   321.03792710376894     
   321.24594904502493     
   321.44989346336263     
   321.65258522314514     
   325.61442325915579     
   320.72469118812938     
   321.00870178437145     
   321.21670465983567     
   321.42063038600827     
   321.62330356835491     
   325.58460443075768     
   320.69549936381719     
   320.97948393414003     
   321.18746774869902     
   321.39137478749734     
   321.59402939716972     
   325.55479325268738     
   320.66631500877338     
   320.95027355985604     
   321.15823831840123     
   321.36212667462041     
   321.56476271638468     
   325.52498973184220     
   320.63713812979643     
   320.92107066832307     
   321.12901637574987     
   321.33288605418983     
   321.53550353281582     
   325.49519387514022     
   320.60796873369975     
   320.89187526636096     
   321.09980192756950     
   321.30365293303424     
   321.50625185329670     
   325.46540568951781     
   320.57880682731940     
   320.86268736081166     
   321.07059498070629     
   321.27442731800380     
   321.47700768468127     
   325.43562518193198     
   320.54965241751336     
   320.83350695853920     
   321.04139554202874     
   321.24520921597190     
   321.44777103384769     
   325.40585235936419     
   320.52050551115894     
   320.80433406642692     
   321.01220361842479     
   321.21599863383051     
   321.41854190769203     
   325.37608722881419     
   320.49136611515610     
   320.77516869138134     
   320.98301921680519     
   321.18679557849521     
   321.38932031313459     
   325.34632979730651     
   320.46223423642846     
   320.74601084033179     
   320.95384234410415     
   321.15760005690402     
   321.36010625711714     
   325.31658007188724     
   320.43310988192104     
   320.71686052022955     
   320.92467300727697     
   321.12841207601713     
   321.33089974660476     
   325.28683805962663     
   320.40399305860342     
   320.68771773805048     
   320.89551121330419     
   321.09923164281918     
   321.30170078858634     
   325.25710376761873     
   320.37488377346608     
   320.65858250079089     
   320.86635696918739     
   321.07005876431640     
   321.27250939007234     
   325.22737720297960     
   320.34578203352828     
   320.62945481547683     
   320.83721028195572     
   321.04089344754220     
   321.24332555810122     
   325.19765837285411     
   320.31668784583286     
   320.60033468915668     
   320.80807115866332     
   321.01173569955552     
   321.21414929973531     
   325.16794728441079     
   320.28760121744841     
   320.57122212890584     
   320.77893960638971     
   320.98258552744016     
   321.18498062206390     
   325.13824394484629     
   320.25852215547127     
   320.54211714182674     
   320.74981563224196     
   320.95344293830783     
   321.15581953220254     
   325.10854836138344     
   320.22945066702033     
   320.51301973504502     
   320.72069924335023     
   320.92430793929276     
   321.12666603729036     
   325.07886054126942     
   320.20038675925099     
   320.48392991572103     
   320.69159044687996     
   320.89518053756552     
   321.09752014450214     
   325.04918049178730     
   320.17133043933921     
   320.45484769103820     
   320.66248925001884     
   320.86606074031789     
   321.06838186103454     
   325.01950822024287     
   320.14228171449139     
   320.42577306820942     
   320.63339565998433     
   320.83694855477233     
   321.03925119411446     
   324.98984373397235     
   320.11324059194703     
   320.39670605448055     
   320.60430968402704     
   320.80784398818406     
   321.01012815100142     
   324.96018704034526     
   320.08420707897500     
   320.36764665712582     
   320.57523132942612     
   320.77874704783630     
   320.98101273898322     
   324.93053814675994     
   320.05518118287591     
   320.33859488345411     
   320.54616060349503     
   320.74965774104771     
   320.95190496538339     
   324.90089706065078     
   320.02616291098138     
   320.30955074080185     
   320.51709751357510     
   320.72057607516410     
   320.92280483755246     
   324.87126378947994     
   319.99715227065650     
   320.28051423654176     
   320.48804206704375     
   320.69150205756711     
   320.89371236287656     
   324.84163834074599     
   319.96814926929932     
   320.25148537807763     
   320.45899427130939     
   320.66243569567075     
   320.86462754877402     
   324.81202072197971     
   319.93915391434598     
   320.22246417285294     
   320.42995413382039     
   320.63337699692744     
   320.83555040270267     
   324.78241094075241     
   319.91016621326713     
   320.19345062834429     
   320.40092166205829     
   320.60432596882362     
   320.80648093215308     
   324.75280900466879     
   319.88118617356622     
   320.16444475206174     
   320.37189686353804     
   320.57528261887916     
   320.77741914465008     
   324.72321492136808     
   319.85221380278989     
   320.13544655155908     
   320.34287974581798     
   320.54624695465708     
   320.74836504776158     
   324.69362869853364     
   319.82324910852094     
   320.10645603442578     
   320.31387031649325     
   320.51721898375689     
   320.71931864909146     
   324.66405034388532     
   319.79429209837633     
   320.07747320828531     
   320.28486858319133     
   320.48819871381187     
   320.69027995627857     
   324.63447986517872     
   319.76534278002674     
   320.04849808081508     
   320.25587455359505     
   320.45918615250878     
   320.66124897701326     
   324.60491727022128     
   319.73640116117178     
   320.01953065972162     
   320.22688823541614     
   320.43018130756479     
   320.63222571901861     
   324.57536256685455     
 
