 REPARTITION DE LA TEMPERATURE AU SEIN DE L'ECHANGEUR AVANT LE DESTOCKAGE
   298.005186140607     
   298.227927818440     
   300.717183146801     
   311.206910519207     
   323.549195357921     
   298.005179883439     
   298.227843178591     
   300.721947505856     
   311.317171930961     
   327.022649861039     
   298.005170255497     
   298.227419127040     
   300.716859569291     
   311.292286074830     
   326.994810710920     
   298.005160632223     
   298.226994723149     
   300.711750418948     
   311.266994896222     
   326.951495354034     
   298.005151020192     
   298.226570704337     
   300.706644909359     
   311.241719150965     
   326.908156138133     
   298.005141419555     
   298.226147078347     
   300.701543171111     
   311.216460339273     
   326.864851347834     
   298.005131830452     
   298.225723851428     
   300.696445277535     
   311.191218795804     
   326.821581533537     
   298.005122253021     
   298.225301029781     
   300.691351301273     
   311.165994849655     
   326.778347056968     
   298.005112687401     
   298.224878619556     
   300.686261314389     
   311.140788827183     
   326.735148276000     
   298.005103133725     
   298.224456626854     
   300.681175388334     
   311.115601051941     
   326.691985545109     
   298.005093592131     
   298.224035057719     
   300.676093593930     
   311.090431844618     
   326.648859215305     
   298.005084062750     
   298.223613918138     
   300.671016001357     
   311.065281522996     
   326.605769634102     
   298.005074545716     
   298.223193214042     
   300.665942680135     
   311.040150401909     
   326.562717145472     
   298.005065041157     
   298.222772951302     
   300.660873699120     
   311.015038793212     
   326.519702089815     
   298.005055549206     
   298.222353135728     
   300.655809126489     
   310.989947005760     
   326.476724803951     
   298.005046069990     
   298.221933773068     
   300.650749029740     
   310.964875345393     
   326.433785621095     
   298.005036603634     
   298.221514869007     
   300.645693475675     
   310.939824114917     
   326.390884870853     
   298.005027150261     
   298.221096429171     
   300.640642530414     
   310.914793614104     
   326.348022879220     
   298.005017709999     
   298.220678459119     
   300.635596259374     
   310.889784139683     
   326.305199968577     
   298.005008282966     
   298.220260964350     
   300.630554727285     
   310.864795985349     
   326.262416457703     
   298.004998869283     
   298.219843950294     
   300.625517998173     
   310.839829441753     
   326.219672661771     
   298.004989469070     
   298.219427422322     
   300.620486135372     
   310.814884796519     
   326.176968892369     
   298.004980082444     
   298.219011385742     
   300.615459201520     
   310.789962334244     
   326.134305457509     
   298.004970709519     
   298.218595845794     
   300.610437258561     
   310.765062336513     
   326.091682661636     
   298.004961350410     
   298.218180807658     
   300.605420367748     
   310.740185081912     
   326.049100805656     
   298.004952005228     
   298.217766276449     
   300.600408589644     
   310.715330846031     
   326.006560186942     
   298.004942674085     
   298.217352257220     
   300.595401984126     
   310.690499901493     
   325.964061099362     
   298.004933357090     
   298.216938754959     
   300.590400610386     
   310.665692517950     
   325.921603833291     
   298.004924054352     
   298.216525774595     
   300.585404526940     
   310.640908962122     
   325.879188675644     
   298.004914765976     
   298.216113320990     
   300.580413791623     
   310.616149497794     
   325.836815909885     
   298.004905492067     
   298.215701398946     
   300.575428461603     
   310.591414385847     
   325.794485816058     
   298.004896232728     
   298.215290013208     
   300.570448593375     
   310.566703884268     
   325.752198670808     
   298.004886988060     
   298.214879168454     
   300.565474242774     
   310.542018248171     
   325.709954747404     
   298.004877758166     
   298.214468869302     
   300.560505464971     
   310.517357729819     
   325.667754315762     
   298.004868543142     
   298.214059120312     
   300.555542314485     
   310.492722578642     
   325.625597642476     
   298.004859343086     
   298.213649925983     
   300.550584845184     
   310.468113041250     
   325.583484990832     
   298.004850158095     
   298.213241290753     
   300.545633110291     
   310.443529361467     
   325.541416620844     
   298.004840988261     
   298.212833219004     
   300.540687162383     
   310.418971780334     
   325.499392789268     
   298.004831833679     
   298.212425715057     
   300.535747053407     
   310.394440536144     
   325.457413749638     
   298.004822694439     
   298.212018783176     
   300.530812834675     
   310.369935864453     
   325.415479752284     
   298.004813570634     
   298.211612427566     
   300.525884556870     
   310.345457998106     
   325.373591044359     
   298.004804462349     
   298.211206652375     
   300.520962270056     
   310.321007167252     
   325.331747869865     
   298.004795369673     
   298.210801461698     
   300.516046023678     
   310.296583599370     
   325.289950469677     
   298.004786292692     
   298.210396859568     
   300.511135866570     
   310.272187519283     
   325.248199081571     
   298.004777231490     
   298.209992849965     
   300.506231846958     
   310.247819149189     
   325.206493940248     
   298.004768186152     
   298.209589436814     
   300.501334012463     
   310.223478708666     
   325.164835277353     
   298.004759156757     
   298.209186623986     
   300.496442410110     
   310.199166414707     
   325.123223321512     
   298.004750143387     
   298.208784415294     
   300.491557086332     
   310.174882481732     
   325.081658298347     
   298.004741146121     
   298.208382814498     
   300.486678086971     
   310.150627121611     
   325.040140430504     
   298.004732165038     
   298.207981825308     
   300.481805457288     
   310.126400543683     
   324.998669937682     
   298.004723200214     
   298.207581451379     
   300.476939241964     
   310.102202954775     
   324.957247036647     
   298.004714251723     
   298.207181696311     
   300.472079485106     
   310.078034559227     
   324.915871941269     
   298.004705319640     
   298.206782563656     
   300.467226230253     
   310.053895558908     
   324.874544862539     
   298.004696404038     
   298.206384056910     
   300.462379520376     
   310.029786153233     
   324.833266008592     
   298.004687504990     
   298.205986179522     
   300.457539397892     
   310.005706539188     
   324.792035584738     
   298.004678622563     
   298.205588934886     
   300.452705904658     
   309.981656911348     
   324.750853793481     
   298.004669756828     
   298.205192326350     
   300.447879081985     
   309.957637461895     
   324.709720834539     
   298.004660907854     
   298.204796357209     
   300.443058970633     
   309.933648380637     
   324.668636904879     
   298.004652075706     
   298.204401030711     
   300.438245610824     
   309.909689855032     
   324.627602198729     
   298.004643260450     
   298.204006350052     
   300.433439042243     
   309.885762070201     
   324.586616907609     
   298.004634462150     
   298.203612318382     
   300.428639304042     
   309.861865208949     
   324.545681220350     
   298.004625680870     
   298.203218938801     
   300.423846434849     
   309.837999451786     
   324.504795323118     
   298.004616916671     
   298.202826214365     
   300.419060472762     
   309.814164976945     
   324.463959399439     
   298.004608169614     
   298.202434148078     
   300.414281455368     
   309.790361960397     
   324.423173630219     
   298.004599439761     
   298.202042742898     
   300.409509419732     
   309.766590575873     
   324.382438193764     
   298.004590727167     
   298.201652001741     
   300.404744402416     
   309.742850994884     
   324.341753265814     
   298.004582031891     
   298.201261927471     
   300.399986439473     
   309.719143386735     
   324.301119019550     
 
