 REPARTITION DE LA TEMPERATURE AU SEIN DE L'ECHANGEUR A LA FIN DU STOCKAGE
   298.000407369438     
   298.037283709513     
   298.976668949965     
   310.055496339222     
   499.538462280711     
   298.000406604226     
   298.037214290094     
   298.974869884995     
   310.033613592089     
   499.077697081828     
   298.000405840771     
   298.037144986455     
   298.973072678758     
   310.011740065070     
   498.617704360744     
   298.000405079082     
   298.037075799560     
   298.971277359497     
   309.989876116074     
   498.158484066751     
   298.000404319169     
   298.037006730373     
   298.969483955333     
   309.968022100777     
   497.700036141120     
   298.000403561038     
   298.036937779854     
   298.967692494233     
   309.946178372457     
   497.242360517167     
   298.000402804700     
   298.036868948958     
   298.965903003992     
   309.924345281858     
   496.785457120324     
   298.000402050162     
   298.036800238632     
   298.964115512203     
   309.902523177065     
   496.329325868210     
   298.000401297434     
   298.036731649817     
   298.962330046248     
   309.880712403407     
   495.873966670699     
   298.000400546521     
   298.036663183446     
   298.960546633277     
   309.858913303375     
   495.419379429984     
   298.000399797435     
   298.036594840441     
   298.958765300198     
   309.837126216546     
   494.965564040647     
   298.000399050182     
   298.036526621715     
   298.956986073664     
   309.815351479531     
   494.512520389725     
   298.000398304771     
   298.036458528171     
   298.955208980067     
   309.793589425929     
   494.060248356774     
   298.000397561208     
   298.036390560701     
   298.953434045527     
   309.771840386283     
   493.608747813931     
   298.000396819503     
   298.036322720185     
   298.951661295887     
   309.750104688057     
   493.158018625983     
   298.000396079664     
   298.036255007492     
   298.949890756709     
   309.728382655611     
   492.708060650425     
   298.000395341696     
   298.036187423478     
   298.948122453267     
   309.706674610183     
   492.258873737524     
   298.000394605607     
   298.036119968989     
   298.946356410548     
   309.684980869879     
   491.810457730383     
   298.000393871406     
   298.036052644857     
   298.944592653243     
   309.663301749668     
   491.362812465000     
   298.000393139098     
   298.035985451903     
   298.942831205754     
   309.641637561379     
   490.915937770326     
   298.000392408691     
   298.035918390933     
   298.941072092183     
   309.619988613699     
   490.469833468331     
   298.000391680192     
   298.035851462743     
   298.939315336340     
   309.598355212179     
   490.024499374059     
   298.000390953607     
   298.035784668116     
   298.937560961736     
   309.576737659242     
   489.579935295687     
   298.000390228943     
   298.035718007821     
   298.935808991586     
   309.555136254188     
   489.136141034585     
   298.000389506206     
   298.035651482615     
   298.934059448810     
   309.533551293208     
   488.693116385372     
   298.000388785401     
   298.035585093243     
   298.932312356031     
   309.511983069394     
   488.250861135977     
   298.000388066536     
   298.035518840437     
   298.930567735578     
   309.490431872756     
   487.809375067690     
   298.000387349616     
   298.035452724915     
   298.928825609487     
   309.468897990230     
   487.368657955222     
   298.000386634647     
   298.035386747386     
   298.927085999501     
   309.447381705705     
   486.928709566760     
   298.000385921634     
   298.035320908542     
   298.925348927071     
   309.425883300030     
   486.489529664023     
   298.000385210583     
   298.035255209065     
   298.923614413363     
   309.404403051036     
   486.051118002315     
   298.000384501499     
   298.035189649625     
   298.921882479249     
   309.382941233557     
   485.613474330578     
   298.000383794387     
   298.035124230880     
   298.920153145321     
   309.361498119443     
   485.176598391452     
   298.000383089253     
   298.035058953474     
   298.918426431883     
   309.340073977584     
   484.740489921322     
   298.000382386101     
   298.034993818040     
   298.916702358958     
   309.318669073931     
   484.305148650372     
   298.000381684935     
   298.034928825199     
   298.914980946289     
   309.297283671511     
   483.870574302641     
   298.000380985761     
   298.034863975560     
   298.913262213343     
   309.275918030453     
   483.436766596070     
   298.000380288582     
   298.034799269720     
   298.911546179306     
   309.254572408003     
   483.003725242557     
   298.000379593404     
   298.034734708264     
   298.909832863095     
   309.233247058552     
   482.571449948009     
   298.000378900230     
   298.034670291768     
   298.908122283354     
   309.211942233650     
   482.139940412386     
   298.000378209065     
   298.034606020791     
   298.906414458454     
   309.190658182034     
   481.709196329760     
   298.000377519912     
   298.034541895886     
   298.904709406505     
   309.169395149641     
   481.279217388359     
   298.000376832775     
   298.034477917592     
   298.903007145345     
   309.148153379638     
   480.850003270618     
   298.000376147657     
   298.034414086438     
   298.901307692554     
   309.126933112436     
   480.421553653228     
   298.000375464563     
   298.034350402940     
   298.899611065450     
   309.105734585718     
   479.993868207185     
   298.000374783495     
   298.034286867605     
   298.897917281090     
   309.084558034451     
   479.566946597836     
   298.000374104457     
   298.034223480930     
   298.896226356278     
   309.063403690917     
   479.140788484929     
   298.000373427451     
   298.034160243396     
   298.894538307563     
   309.042271784730     
   478.715393522661     
   298.000372752482     
   298.034097155480     
   298.892853151240     
   309.021162542854     
   478.290761359721     
   298.000372079552     
   298.034034217643     
   298.891170903358     
   309.000076189629     
   477.866891639342     
   298.000371408663     
   298.033971430340     
   298.889491579716     
   308.979012946789     
   477.443783999340     
   298.000370739818     
   298.033908794013     
   298.887815195869     
   308.957973033483     
   477.021438072168     
   298.000370073020     
   298.033846309094     
   298.886141767127     
   308.936956666300     
   476.599853484954     
   298.000369408271     
   298.033783976004     
   298.884471308560     
   308.915964059280     
   476.179029859552     
   298.000368745574     
   298.033721795158     
   298.882803835002     
   308.894995423945     
   475.758966812582     
   298.000368084930     
   298.033659766955     
   298.881139361047     
   308.874050969314     
   475.339663955475     
   298.000367426342     
   298.033597891789     
   298.879477901057     
   308.853130901923     
   474.921120894520     
   298.000366769812     
   298.033536170042     
   298.877819469159     
   308.832235425847     
   474.503337230905     
   298.000366115341     
   298.033474602088     
   298.876164079252     
   308.811364742720     
   474.086312560760     
   298.000365462931     
   298.033413188289     
   298.874511745006     
   308.790519051753     
   473.670046475200     
   298.000364812583     
   298.033351928999     
   298.872862479866     
   308.769698549757     
   473.254538560368     
   298.000364164301     
   298.033290824563     
   298.871216297054     
   308.748903431159     
   472.839788397477     
   298.000363518084     
   298.033229875318     
   298.869573209566     
   308.728133888024     
   472.425795562851     
   298.000362873934     
   298.033169081587     
   298.867933230184     
   308.707390110074     
   472.012559627967     
   298.000362231853     
   298.033108443689     
   298.866296371466     
   308.686672284706     
   471.600080159496     
   298.000361591841     
   298.033047961933     
   298.864662645761     
   308.665980597013     
   471.188356719345     
   298.000360953899     
   298.032987636616     
   298.863032065199     
   308.645315229803     
   470.777388864692     

 Energie emmagasiné par le cofalit (J)
   27256851.3652607     

