 REPARTITION DE LA TEMPERATURE AU SEIN DE L'ECHANGEUR AVANT LE STOCKAGE
   298.047412670831     
   298.882542577292     
   302.342976215636     
   307.107806817803     
   302.901895612260     
   298.047507823351     
   298.885769169990     
   302.371280499996     
   307.249939219677     
   307.832870844205     
   298.047417217110     
   298.884037136105     
   302.362304825190     
   307.229456528367     
   307.843934945796     
   298.047326168291     
   298.882292081977     
   302.353225584540     
   307.208511678083     
   307.822068351282     
   298.047235189086     
   298.880548166125     
   302.344151297648     
   307.187575809978     
   307.800055110308     
   298.047144282049     
   298.878805448423     
   302.335082364489     
   307.166650528385     
   307.778051010453     
   298.047053448439     
   298.877063951901     
   302.326018894724     
   307.145736055090     
   307.756056791826     
   298.046962689506     
   298.875323699321     
   302.316960996431     
   307.124832606394     
   307.734072616177     
   298.046872006487     
   298.873584713259     
   302.307908776782     
   307.103940396690     
   307.712098642215     
   298.046781400608     
   298.871847016101     
   302.298862342012     
   307.083059638427     
   307.690135027327     
   298.046690873087     
   298.870110630029     
   302.289821797398     
   307.062190542078     
   307.668181927520     
   298.046600425127     
   298.868375577021     
   302.280787247243     
   307.041333316108     
   307.646239497379     
   298.046510057923     
   298.866641878851     
   302.271758794862     
   307.020488166963     
   307.624307890030     
   298.046419772654     
   298.864909557077     
   302.262736542573     
   306.999655299050     
   307.602387257109     
   298.046329570493     
   298.863178633047     
   302.253720591684     
   306.978834914729     
   307.580477748734     
   298.046239452596     
   298.861449127894     
   302.244711042496     
   306.958027214315     
   307.558579513496     
   298.046149420109     
   298.859721062529     
   302.235707994292     
   306.937232396069     
   307.536692698435     
   298.046059474162     
   298.857994457655     
   302.226711545339     
   306.916450656204     
   307.514817449038     
   298.045969615880     
   298.856269333748     
   302.217721792889     
   306.895682188898     
   307.492953909229     
   298.045879846372     
   298.854545711076     
   302.208738833186     
   306.874927186301     
   307.471102221380     
   298.045790166729     
   298.852823609676     
   302.199762761456     
   306.854185838541     
   307.449262526296     
   298.045700578040     
   298.851103049381     
   302.190793671924     
   306.833458333747     
   307.427434963228     
   298.045611081376     
   298.849384049802     
   302.181831657815     
   306.812744858064     
   307.405619669887     
   298.045521677796     
   298.847666630334     
   302.172876811361     
   306.792045595669     
   307.383816782438     
   298.045432368347     
   298.845950810158     
   302.163929223809     
   306.771360728801     
   307.362026435532     
   298.045343154061     
   298.844236608243     
   302.154988985428     
   306.750690437767     
   307.340248762298     
   298.045254035964     
   298.842524043346     
   302.146056185520     
   306.730034900987     
   307.318483894378     
   298.045165015067     
   298.840813134014     
   302.137130912425     
   306.709394295003     
   307.296731961936     
   298.045076092370     
   298.839103898586     
   302.128213253543     
   306.688768794523     
   307.274993093682     
   298.044987268856     
   298.837396355191     
   302.119303295330     
   306.668158572434     
   307.253267416890     
   298.044898545504     
   298.835690521760     
   302.110401123320     
   306.647563799845     
   307.231555057418     
   298.044809923277     
   298.833986416017     
   302.101506822136     
   306.626984646118     
   307.209856139749     
   298.044721403124     
   298.832284055486     
   302.092620475498     
   306.606421278897     
   307.188170786998     
   298.044632985991     
   298.830583457491     
   302.083742166244     
   306.585873864151     
   307.166499120956     
   298.044544672803     
   298.828884639166     
   302.074871976334     
   306.565342566207     
   307.144841262112     
   298.044456464478     
   298.827187617446     
   302.066009986877     
   306.544827547790     
   307.123197329688     
   298.044368361924     
   298.825492409077     
   302.057156278139     
   306.524328970072     
   307.101567441677     
   298.044280366037     
   298.823799030616     
   302.048310929555     
   306.503846992701     
   307.079951714872     
   298.044192477701     
   298.822107498434     
   302.039474019757     
   306.483381773861     
   307.058350264914     
   298.044104697790     
   298.820417828720     
   302.030645626581     
   306.462933470313     
   307.036763206324     
   298.044017027169     
   298.818730037481     
   302.021825827088     
   306.442502237439     
   307.015190652549     
   298.043929466689     
   298.817044140546     
   302.013014697589     
   306.422088229309     
   306.993632716013     
   298.043842017191     
   298.815360153573     
   302.004212313653     
   306.401691598724     
   306.972089508160     
   298.043754679510     
   298.813678092047     
   301.995418750137     
   306.381312497276     
   306.950561139505     
   298.043667454466     
   298.811997971282     
   301.986634081206     
   306.360951075416     
   306.929047719695     
   298.043580342875     
   298.810319806432     
   301.977858380346     
   306.340607482501     
   306.907549357554     
   298.043493345532     
   298.808643612486     
   301.969091720402     
   306.320281866878     
   306.886066161163     
   298.043406463236     
   298.806969404278     
   301.960334173590     
   306.299974375949     
   306.864598237909     
   298.043319696766     
   298.805297196481     
   301.951585811528     
   306.279685156238     
   306.843145694566     
   298.043233046898     
   298.803627003629     
   301.942846705263     
   306.259414353480     
   306.821708637359     
   298.043146514396     
   298.801958840103     
   301.934116925295     
   306.239162112691     
   306.800287172056     
   298.043060100013     
   298.800292720140     
   301.925396541614     
   306.218928578270     
   306.778881404046     
   298.042973804497     
   298.798628657844     
   301.916685623719     
   306.198713894077     
   306.757491438431     
   298.042887628586     
   298.796966667181     
   301.907984240661     
   306.178518203535     
   306.736117380125     
   298.042801573008     
   298.795306761992     
   301.899292461073     
   306.158341649735     
   306.714759333963     
   298.042715638485     
   298.793648955993     
   301.890610353207     
   306.138184375541     
   306.693417404813     
   298.042629825729     
   298.791993262781     
   301.881937984968     
   306.118046523704     
   306.672091697701     
   298.042544135446     
   298.790339695840     
   301.873275423958     
   306.097928236984     
   306.650782317945     
   298.042458568330     
   298.788688268545     
   301.864622737517     
   306.077829658281     
   306.629489371307     
   298.042373125074     
   298.787038994173     
   301.855979992766     
   306.057750930767     
   306.608212964150     
   298.042287806356     
   298.785391885898     
   301.847347256656     
   306.037692198030     
   306.586953203613     
   298.042202612855     
   298.783746956814     
   301.838724596018     
   306.017653604233     
   306.565710197816     
   298.042117545237     
   298.782104219926     
   301.830112077609     
   305.997635294267     
   306.544484056068     
   298.042032604164     
   298.780463688168     
   301.821509768176     
   305.977637413927     
   306.523274889115     
   298.041947790292     
   298.778825374399     
   301.812917734510     
   305.957660110095     
   306.502082809416     
   298.041863104270     
   298.777189291427     
   301.804336043510     
   305.937703530933     
   306.480907931447     
   298.041778546740     
   298.775555452005     
   301.795764762249     
   305.917767826084     
   306.459750372063     
 
