          50   343.63960206393006        344.87219481168233        345.77190724841586        346.65156572856046        516.09285379297819     
 Gradient=                  Infinity
          52   343.24533262260348        344.46878354462166        345.36185481510404        346.23504568650787        514.12679396630074     
 Gradient=  0.98302991333872569     
          54   342.85235822506564        344.06668820921880        344.95313334331559        345.81987112689228        512.17491215621158     
 Gradient=  0.97594090504458109     
         170   323.57748283400235        324.32414743178310        324.87047542688748        325.40568085245934        421.16957442120156     
 Gradient=  0.78452877357767259     
         245   315.18415468732655        315.70710615425418        316.09035140196886        316.46628135717447        381.94571427059128     
 Gradient=  0.52298480200813702     
         310   310.06268652031696        310.43894240104248        310.71505522616491        310.98619772112932        357.41337253784218     
 Gradient=  0.37742064204229386     
