 REPARTITION DE LA TEMPERATURE AU SEIN DE L'ECHANGEUR A LA FIN DU DESTOCKAGE
   298.020023834358     
   298.537568947668     
   301.787610907216     
   308.189398168272     
   299.415866016581     
   298.020035428668     
   298.538700251619     
   301.804459586785     
   308.265188468037     
   299.394814060460     
   298.019997888280     
   298.537677992527     
   301.796970741659     
   308.242237846637     
   299.373531606895     
   298.019960255073     
   298.536650585210     
   301.789415273622     
   308.218991756590     
   299.352253481245     
   298.019922655209     
   298.535623932336     
   301.781864319543     
   308.195756259293     
   299.330980400440     
   298.019885089528     
   298.534598063061     
   301.774318164829     
   308.172532443783     
   299.309712353528     
   298.019847558569     
   298.533572991720     
   301.766776907180     
   308.149320554671     
   299.288449326938     
   298.019810062868     
   298.532548732503     
   301.759240643074     
   308.126120832425     
   299.267191306485     
   298.019772602956     
   298.531525299486     
   301.751709468200     
   308.102933515406     
   299.245938277378     
   298.019735179357     
   298.530502706627     
   301.744183477421     
   308.079758839824     
   299.224690224226     
   298.019697792595     
   298.529480967759     
   301.736662764757     
   308.056597039702     
   299.203447131038     
   298.019660443185     
   298.528460096586     
   301.729147423369     
   308.033448346845     
   299.182208981229     
   298.019623131640     
   298.527440106685     
   301.721637545542     
   308.010312990823     
   299.160975757623     
   298.019585858463     
   298.526421011497     
   301.714133222681     
   307.987191198950     
   299.139747442459     
   298.019548624159     
   298.525402824334     
   301.706634545295     
   307.964083196276     
   299.118524017391     
   298.019511429223     
   298.524385558368     
   301.699141602997     
   307.940989205590     
   299.097305463493     
   298.019474274145     
   298.523369226633     
   301.691654484493     
   307.917909447410     
   299.076091761267     
   298.019437159408     
   298.522353842034     
   301.684173277590     
   307.894844139989     
   299.054882890642     
   298.019400085495     
   298.521339417328     
   301.676698069184     
   307.871793499331     
   299.033678830979     
   298.019363052879     
   298.520325965143     
   301.669228945275     
   307.848757739198     
   299.012479561076     
   298.019326062027     
   298.519313497958     
   301.661765990951     
   307.825737071119     
   298.991285059172     
   298.019289113405     
   298.518302028124     
   301.654309290405     
   307.802731704412     
   298.970095302951     
   298.019252207470     
   298.517291567851     
   301.646858926935     
   307.779741846206     
   298.948910269545     
   298.019215344674     
   298.516282129209     
   301.639414982946     
   307.756767701455     
   298.927729935536     
   298.019178525464     
   298.515273724133     
   301.631977539959     
   307.733809472972     
   298.906554276966     
   298.019141750279     
   298.514266364422     
   301.624546678615     
   307.710867361443     
   298.885383269333     
   298.019105019557     
   298.513260061739     
   301.617122478683     
   307.687941565466     
   298.864216887599     
   298.019068333729     
   298.512254827610     
   301.609705019065     
   307.665032281572     
   298.843055106196     
   298.019031693221     
   298.511250673433     
   301.602294377812     
   307.642139704267     
   298.821897899022     
   298.018995098450     
   298.510247610464     
   301.594890632118     
   307.619264026054     
   298.800745239453     
   298.018958549833     
   298.509245649834     
   301.587493858343     
   307.596405437475     
   298.779597100339     
   298.018922047778     
   298.508244802543     
   301.580104132017     
   307.573564127150     
   298.758453454014     
   298.018885592688     
   298.507245079457     
   301.572721527846     
   307.550740281808     
   298.737314272295     
   298.018849184967     
   298.506246491314     
   301.565346119728     
   307.527934086339     
   298.716179526486     
   298.018812825003     
   298.505249048728     
   301.557977980760     
   307.505145723828     
   298.695049187380     
   298.018776513187     
   298.504252762183     
   301.550617183252     
   307.482375375601     
   298.673923225266     
   298.018740249902     
   298.503257642039     
   301.543263798738     
   307.459623221283     
   298.652801609928     
   298.018704035527     
   298.502263698532     
   301.535917897983     
   307.436889438829     
   298.631684310650     
   298.018667870436     
   298.501270941777     
   301.528579551002     
   307.414174204594     
   298.610571296216     
   298.018631754996     
   298.500279381765     
   301.521248827071     
   307.391477693374     
   298.589462534917     
   298.018595689574     
   298.499289028368     
   301.513925794734     
   307.368800078471     
   298.568357994548     
   298.018559674525     
   298.498299891340     
   301.506610521829     
   307.346141531748     
   298.547257642415     
   298.018523710204     
   298.497311980321     
   301.499303075489     
   307.323502223697     
   298.526161445336     
   298.018487796962     
   298.496325304830     
   301.492003522168     
   307.300882323497     
   298.505069369640     
   298.018451935142     
   298.495339874275     
   301.484711927650     
   307.278281999095     
   298.483981381173     
   298.018416125087     
   298.494355697951     
   301.477428357062     
   307.255701417261     
   298.462897445297     
   298.018380367127     
   298.493372785044     
   301.470152874901     
   307.233140743684     
   298.441817526895     
   298.018344661597     
   298.492391144628     
   301.462885545043     
   307.210600143040     
   298.420741590368     
   298.018309008822     
   298.491410785667     
   301.455626430760     
   307.188079779082     
   298.399669599637     
   298.018273409125     
   298.490431717026     
   301.448375594748     
   307.165579814727     
   298.378601518147     
   298.018237862822     
   298.489453947464     
   301.441133099135     
   307.143100412150     
   298.357537308866     
   298.018202370226     
   298.488477485631     
   301.433899005511     
   307.120641732890     
   298.336476934285     
   298.018166931647     
   298.487502340086     
   301.426673374942     
   307.098203937948     
   298.315420356420     
   298.018131547388     
   298.486528519281     
   301.419456267996     
   307.075787187901     
   298.294367536807     
   298.018096217751     
   298.485556031576     
   301.412247744769     
   307.053391643021     
   298.273318436511     
   298.018060943031     
   298.484584885236     
   301.405047864904     
   307.031017463399     
   298.252273016117     
   298.018025723521     
   298.483615088433     
   301.397856687620     
   307.008664809076     
   298.231231235732     
   298.017990559509     
   298.482646649247     
   301.390674271739     
   306.986333840182     
   298.210193054988     
   298.017955451278     
   298.481679575672     
   301.383500675711     
   306.964024717092     
   298.189158433032     
   298.017920399110     
   298.480713875615     
   301.376335957651     
   306.941737600571     
   298.168127328534     
   298.017885403279     
   298.479749556898     
   301.369180175362     
   306.919472651948     
   298.147099699676     
   298.017850464060     
   298.478786627266     
   301.362033386379     
   306.897230033296     
   298.126075504156     
   298.017815581721     
   298.477825094382     
   301.354895647988     
   306.875009907611     
   298.105054699181     
   298.017780756526     
   298.476864965835     
   301.347767017280     
   306.852812439019     
   298.084037241466     
   298.017745988738     
   298.475906249138     
   301.340647551178     
   306.830637792983     
   298.063023087228     
   298.017711278615     
   298.474948951739     
   301.333537306484     
   306.808486136533     
   298.042012192183     
   298.017676626409     
   298.473993081015     
   301.326436339923     
   306.786357638502     
   298.021004511541     

 Energie perdu par le cofalit (J) (soit energie destockée)
  -3722390.29607693     

