 REPARTITION DE LA TEMPERATURE AU SEIN DE L'ECHANGEUR A LA FIN DU STOCKAGE
   298.00018523341049     
   298.00688763144694     
   298.08122667498151     
   298.51775449282542     
   568.47851773732441     
   298.00018455849357     
   298.00686221200152     
   298.08092262584921     
   298.51578776397315     
   566.96322513657685     
   298.00018395044754     
   298.00683880487674     
   298.08063554951633     
   298.51387934411031     
   565.45414835255974     
   298.00018340418251     
   298.00681731163854     
   298.08036520769326     
   298.51203107961152     
   563.95135479446935     
   298.00018291481803     
   298.00679763299104     
   298.08011132030123     
   298.51024478231824     
   562.45500484871434     
   298.00018247768963     
   298.00677966920153     
   298.07987356520340     
   298.50852222568079     
   560.96543255881113     
   298.00018208835797     
   298.00676332057964     
   298.07965157838061     
   298.50686513652965     
   559.48325301294449     
   298.00018174261493     
   298.00674848796888     
   298.07944495435606     
   298.50527517924041     
   558.00948628111632     
   298.00018143648884     
   298.00673507323188     
   298.07925324690717     
   298.50375393023705     
   556.54568125877654     
   298.00018116624608     
   298.00672297972829     
   298.07907597019926     
   298.50230284205787     
   555.09401960118498     
   298.00018092839287     
   298.00671211277864     
   298.07891260048092     
   298.50092319774234     
   553.65738083487645     
   298.00018071967361     
   298.00670238010753     
   298.07876257846902     
   298.49961605785973     
   552.23935432919518     
   298.00018053706765     
   298.00669369226154     
   298.07862531251078     
   298.49838220382441     
   550.84419090189010     
   298.00018037778551     
   298.00668596299522     
   298.07850018255311     
   298.49722208200649     
   549.47669485377639     
   298.00018023926157     
   298.00667910961857     
   298.07838654488893     
   298.49613575340697     
   548.14206467307281     
   298.00018011914750     
   298.00667305329551     
   298.07828373758531     
   298.49512285332059     
   546.84569637272318     
   298.00018001530293     
   298.00666771929446     
   298.07819108644929     
   298.49418256455203     
   545.59296677892962     
   298.00017992578609     
   298.00666303718225     
   298.07810791133875     
   298.49331360652343     
   544.38901494055449     
   298.00017984884278     
   298.00665894095818     
   298.07803353260732     
   298.49251424122349     
   543.23853845827466     
   298.00017978289583     
   298.00665536913283     
   298.07796727746461     
   298.49178229557765     
   542.14561849378094     
   298.00017972653268     
   298.00665226474672     
   298.07790848604066     
   298.49111519862043     
   541.11358318685529     
   298.00017967849431     
   298.00664957533633     
   298.07785651696918     
   298.49051003092040     
   540.14491484324117     
   298.00017963766317     
   298.00664725284861     
   298.07781075234101     
   298.48996358312752     
   539.24120211381887     
   298.00017960305109     
   298.00664525351311     
   298.07777060191580     
   298.48947242025429     
   538.40313486367700     
   298.00017957378856     
   298.00664353767445     
   298.07773550652695     
   298.48903294833804     
   537.63053675678782     
   298.00017954911277     
   298.00664206959499     
   298.07770494065136     
   298.48864148043111     
   536.92242883347478     
   298.00017952835771     
   298.00664081723266     
   298.07767841415739     
   298.48829429930777     
   536.27711648879335     
   298.00017951094418     
   298.00663975200314     
   298.07765547327449     
   298.48798771483968     
   535.69229214456038     
   298.00017949636981     
   298.00663884852958     
   298.07763570084677     
   298.48771811457254     
   535.16514637727016     
   298.00017948420088     
   298.00663808438901     
   298.07761871596199     
   298.48748200661009     
   534.69248113813467     
   298.00017947406428     
   298.00663743985922     
   298.07760417303990     
   298.48727605441348     
   534.27081981080812     
   298.00017946563997     
   298.00663689766918     
   298.07759176048597     
   298.48709710357059     
   533.89651005320400     
   298.00017945865432     
   298.00663644275954     
   298.07758119900222     
   298.48694220091465     
   533.56581655040611     
   298.00017945287448     
   298.00663606205336     
   298.07757223964671     
   298.48680860663319     
   533.27500188724946     
   298.00017944810253     
   298.00663574424027     
   298.07756466172782     
   298.48669380016679     
   533.02039468303406     
   298.00017944417118     
   298.00663547957544     
   298.07755827060276     
   298.48659548078206     
   532.79844489363177     
   298.00017944093878     
   298.00663525969435     
   298.07755289544684     
   298.48651156373859     
   532.60576677386098     
   298.00017943828647     
   298.00663507744247     
   298.07754838704489     
   298.48644017294117     
   532.43917041514123     
   298.00017943611442     
   298.00663492672237     
   298.07754461564281     
   298.48637963091329     
   532.29568304845372     
   298.00017943433926     
   298.00663480235437     
   298.07754146889789     
   298.48632844685062     
   532.17256145345311     
   298.00017943289123     
   298.00663469995220     
   298.07753884994344     
   298.48628530341546     
   532.06729686560584     
   298.00017943171184     
   298.00663461581394     
   298.07753667558899     
   298.48624904284122     
   531.97761374810216     
   298.00017943075335     
   298.00663454682467     
   298.07753487466181     
   298.48621865281041     
   531.90146371548758     
   298.00017942997562     
   298.00663449037046     
   298.07753338649343     
   298.48619325247989     
   531.83701578003058     
   298.00017942934551     
   298.00663444426414     
   298.07753215955182     
   298.48617207894705     
   531.78264395509848     
   298.00017942883613     
   298.00663440668143     
   298.07753115021342     
   298.48615447436015     
   531.73691310433799     
   298.00017942842493     
   298.00663437610388     
   298.07753032167108     
   298.48613987383601     
   531.69856378037946     
   298.00017942809336     
   298.00663435127132     
   298.07752964296526     
   298.48612779426173     
   531.66649665861394     
   298.00017942782665     
   298.00663433114033     
   298.07752908813535     
   298.48611782404225     
   531.63975704463360     
   298.00017942761247     
   298.00663431484941     
   298.07752863547574     
   298.48610961379921     
   531.61751982072929     
   298.00017942744046     
   298.00663430168856     
   298.07752826689006     
   298.48610286801022     
   531.59907509853929     
   298.00017942730261     
   298.00663429107396     
   298.07752796733223     
   298.48609733754955     
   531.58381476166937     
   298.00017942719256     
   298.00663428252710     
   298.07752772432531     
   298.48609281308796     
   531.57122001325286     
   298.00017942710451     
   298.00663427565615     
   298.07752752754948     
   298.48608911928142     
   531.56084998787946     
   298.00017942703431     
   298.00663427014109     
   298.07752736849028     
   298.48608610969723     
   531.55233144373688     
   298.00017942697849     
   298.00663426572100     
   298.07752724013989     
   298.48608366239938     
   531.54534951765618     
   298.00017942693387     
   298.00663426218398     
   298.07752713674313     
   298.48608167613480     
   531.53963950149898     
   298.00017942689857     
   298.00663425935761     
   298.07752705358541     
   298.48608006705160     
   531.53497958149887     
   298.00017942687055     
   298.00663425710235     
   298.07752698681230     
   298.48607876588898     
   531.53118447139900     
   298.00017942684838     
   298.00663425530536     
   298.07752693327944     
   298.48607771558238     
   531.52809986427849     
   298.00017942683075     
   298.00663425387535     
   298.07752689042701     
   298.48607686923037     
   531.52559762576414     
   298.00017942681694     
   298.00663425273899     
   298.07752685617533     
   298.48607618837428     
   531.52357165194417     
   298.00017942680591     
   298.00663425183723     
   298.07752682883859     
   298.48607564155174     
   531.52193431796991     
   298.00017942679739     
   298.00663425112242     
   298.07752680705158     
   298.48607520307985     
   531.52061344741924     
   298.00017942679045     
   298.00663425055654     
   298.07752678971178     
   298.48607485203871     
   531.51954973748468     
   298.00017942678500     
   298.00663425010930     
   298.07752677593055     
   298.48607457142350     
   531.51869458052920     
   298.00017942678090     
   298.00663424975608     
   298.07752676499200     
   298.48607434743923     
   531.51800822825294     
   298.00017942677766     
   298.00663424947737     
   298.07752675632128     
   298.48607416891741     
   531.51745825035096     
   298.00017942677505     
   298.00663424925790     
   298.07752674945692     
   298.48607402683251     
   531.51701824500640     
   298.00017942677295     
   298.00663424908510     
   298.07752674402917     
   298.48607391390476     
   531.51666676370678     
   298.00017942677135     
   298.00663424894935     
   298.07752673974301     
   298.48607382427230     
   531.51638641763793     
   298.00017942677010     
   298.00663424884283     
   298.07752673636202     
   298.48607375322422     
   531.51616313727095     
   298.00017942676914     
   298.00663424875910     
   298.07752673369845     
   298.48607369697999     
   531.51598556067654     
   298.00017942676834     
   298.00663424869350     
   298.07752673160240     
   298.48607365251200     
   531.51584452960594     
   298.00017942676777     
   298.00663424864229     
   298.07752672995503     
   298.48607361739778     
   531.51573267546780     
   298.00017942676732     
   298.00663424860227     
   298.07752672866121     
   298.48607358970315     
   531.51564408004560     
   298.00017942676698     
   298.00663424857083     
   298.07752672764650     
   298.48607356788676     
   531.51557399815363     
   298.00017942676664     
   298.00663424854639     
   298.07752672685143     
   298.48607355072056     
   531.51551863146244     
   298.00017942676646     
   298.00663424852735     
   298.07752672622928     
   298.48607353722917     
   531.51547494448369     
   298.00017942676635     
   298.00663424851257     
   298.07752672574270     
   298.48607352663714     
   531.51544051518090     
   298.00017942676618     
   298.00663424850103     
   298.07752672536265     
   298.48607351833090     
   531.51541341395728     
   298.00017942676612     
   298.00663424849199     
   298.07752672506621     
   298.48607351182380     
   531.51539210582644     
   298.00017942676601     
   298.00663424848500     
   298.07752672483480     
   298.48607350673149     
   531.51537537148818     
   298.00017942676595     
   298.00663424847954     
   298.07752672465472     
   298.48607350275068     
   531.51536224377458     
   298.00017942676595     
   298.00663424847534     
   298.07752672451466     
   298.48607349964180     
   531.51535195657198     
   298.00017942676590     
   298.00663424847210     
   298.07752672440580     
   298.48607349721607     
   531.51534390384245     
   298.00017942676584     
   298.00663424846954     
   298.07752672432105     
   298.48607349532540     
   531.51533760680559     
   298.00017942676578     
   298.00663424846761     
   298.07752672425545     
   298.48607349385316     
   531.51533268770152     
   298.00017942676578     
   298.00663424846613     
   298.07752672420452     
   298.48607349270776     
   531.51532884884739     
   298.00017942676578     
   298.00663424846488     
   298.07752672416501     
   298.48607349181731     
   531.51532585595055     
   298.00017942676578     
   298.00663424846402     
   298.07752672413460     
   298.48607349112598     
   531.51532352482809     
   298.00017942676578     
   298.00663424846334     
   298.07752672411095     
   298.48607349058938     
   531.51532171085876     
   298.00017942676573     
   298.00663424846283     
   298.07752672409265     
   298.48607349017340     
   531.51532030061446     
   298.00017942676573     
   298.00663424846243     
   298.07752672407855     
   298.48607348985126     
   531.51531920523109     
   298.00017942676573     
   298.00663424846209     
   298.07752672406764     
   298.48607348960206     
   531.51531835516414     
   298.00017942676573     
   298.00663424846186     
   298.07752672405923     
   298.48607348940908     
   531.51531769604742     
   298.00017942676573     
   298.00663424846164     
   298.07752672405275     
   298.48607348926004     
   531.51531718542321     
   298.00017942676573     
   298.00663424846147     
   298.07752672404774     
   298.48607348914516     
   531.51531679016864     
   298.00017942676573     
   298.00663424846135     
   298.07752672404393     
   298.48607348905642     
   531.51531648446814     
   298.00017942676573     
   298.00663424846130     
   298.07752672404104     
   298.48607348898798     
   531.51531624822167     

 Energie emmagasiné par le cofalit (J)
   12669884.242904978     

