 REPARTITION DE LA TEMPERATURE AU SEIN DE L'ECHANGEUR A LA FIN DU DESTOCKAGE
   298.02153654386785     
   298.31947893106462     
   299.39423249660194     
   300.96952222612856     
   306.69281238975896     
   298.02220509135515     
   298.33213783010348     
   299.46358439097048     
   301.14343464825555     
   306.67379962902487     
   298.02212158098644     
   298.33088268533925     
   299.45807593967788     
   301.13180555199745     
   306.65235479129262     
   298.02203582328781     
   298.32957704403458     
   299.45226559552282     
   301.11938221290126     
   306.63019483016120     
   298.02195055802815     
   298.32827460922181     
   299.44645856408926     
   301.10695467325326     
   306.60690040048269     
   298.02186581506709     
   298.32697610336783     
   299.44065870721579     
   301.09453067398402     
   306.58189209723514     
   298.02178162725249     
   298.32568225602267     
   299.43486964703652     
   301.08211627963527     
   306.55440051228061     
   298.02169804641750     
   298.32439410097896     
   299.42909637793196     
   301.06971978521972     
   306.52342155065435     
   298.02161515009823     
   298.32311308215088     
   299.42334573429855     
   301.05735250758295     
   306.48766613243208     
   298.02153304744786     
   298.32184114610914     
   299.41762679105068     
   301.04502938758702     
   306.44550572950766     
   298.02145188339114     
   298.32058080595505     
   299.41195112727041     
   301.03276925570384     
   306.39491641561028     
   298.02137184018716     
   298.31933516331861     
   299.40633289234205     
   301.02059463359535     
   306.33342579118477     
   298.02129313589296     
   298.31810788044316     
   299.40078863774261     
   301.00853100020424     
   306.25806925418107     
   298.02121601961596     
   298.31690310061481     
   299.39533690686369     
   300.99660552009652     
   306.16536455662578     
   298.02114076383879     
   298.31572532153325     
   299.38999760445012     
   300.98484530285197     
   306.05131623742034     
   298.02106765443278     
   298.31457923151208     
   299.38479119185365     
   300.97327532549104     
   305.91146402397004     
   298.02099697919869     
   298.31346952200795     
   299.37973777131555     
   300.96191619856040     
   305.74099113013318     
   298.02092901589333     
   298.31240069161669     
   299.37485613065257     
   300.95078198713668     
   305.53490881985823     
   298.02086402066072     
   298.31137685635781     
   299.37016281932870     
   300.93987831007223     
   305.28833174012226     
   298.02080221768739     
   298.31040157920097     
   299.36567131951892     
   300.92920093536662     
   304.99685332475406     
   298.02074379069632     
   298.30947772878602     
   299.36139136358747     
   300.91873506840415     
   304.65702104158987     
   298.02068887668094     
   298.30860737375633     
   299.35732843482361     
   300.90845549411586     
   304.26689668823894     
   298.02063756203557     
   298.30779171555577     
   299.35348347342864     
   300.89832768397378     
   303.82666723843539     
   298.02058988104056     
   298.30703105934060     
   299.34985279618377     
   300.88830991258743     
   303.33924782297856     
   298.02054581648798     
   298.30632482012305     
   299.34642822679285     
   300.87835634409288     
   302.81079268115002     
   298.02050530210835     
   298.30567155950075     
   299.34319742468273     
   300.86842094330910     
   302.25100660656068     
   298.02046822640187     
   298.30506904736870     
   299.34014439253230     
   300.85846194113230     
   301.67313497611764     
   298.02043443744333     
   298.30451434273368     
   299.33725013603851     
   300.84844644417313     
   301.09351348530282     
   298.02040374825697     
   298.30400388801172     
   299.33449344238954     
   300.83835464166589     
   300.53058927329357     
   298.02037594239647     
   298.30353361175628     
   299.33185173591488     
   300.82818295877667     
   300.00339276482680     
   298.02035077943663     
   298.30309903547379     
   299.32930196050552     
   300.81794548041364     
   299.52954929497389     
   298.02032800014240     
   298.30269538080768     
   299.32682142994463     
   300.80767307897952     
   299.12306516342602     
   298.02030733116163     
   298.30231767386402     
   299.32438858200425     
   300.79740997107331     
   298.79227799737055     
   298.02028848915216     
   298.30196084369749     
   299.32198357376785     
   300.78720791163016     
   298.53847332038100     
   298.02027118428578     
   298.30161981211040     
   299.31958866792650     
   300.77711884350367     
   298.35566212930354     
   298.02025512313338     
   298.30128957206477     
   299.31718838486586     
   300.76718739117996     
   298.23181451998096     
   298.02024001095111     
   298.30096525261422     
   299.31476943291312     
   300.75744488052334     
   298.15143337702955     
   298.02022555347185     
   298.30064217084032     
   299.31232048285290     
   300.74790638719736     
   298.09882948043855     
   298.02021145869816     
   298.30031588365000     
   299.30983197522670     
   300.73857181721871     
   298.06106581177511     
   298.02019744133236     
   298.29998231776312     
   299.30729669833971     
   300.72943275600306     
   298.02956966911654     

 Energie perdu par le cofalit (J) (soit energie destockée)
   585886.73403738555     

