 REPARTITION DE LA TEMPERATURE AU SEIN DE L'ECHANGEUR AVANT LE DESTOCKAGE
   298.00437501972618     
   298.11662574502049     
   298.94954368034900     
   301.53691628942539     
   303.73367563911620     
   298.00444153157173     
   298.11930479699521     
   298.98295788797520     
   301.75733191998501     
   307.96187919363518     
   298.00442522128850     
   298.11885577443888     
   298.97919804780344     
   301.74321458282571     
   307.96177261516550     
   298.00440893085425     
   298.11839970153585     
   298.97530982463621     
   301.72808775875694     
   307.93781466800283     
   298.00439290365421     
   298.11794678008334     
   298.97142821088556     
   301.71295350928290     
   307.91373758847521     
   298.00437713461952     
   298.11749714443010     
   298.96755542383619     
   301.69782321145982     
   307.88967348181586     
   298.00436161997351     
   298.11705095924930     
   298.96369383090916     
   301.68270690230622     
   307.86563729553359     
   298.00434635903565     
   298.11660848492767     
   298.95984671861009     
   301.66761846951516     
   307.84164970717012     
   298.00433135534070     
   298.11617011252832     
   298.95601861289089     
   301.65257695641532     
   307.81773977508698     
   298.00431661763463     
   298.11573639482697     
   298.95221556100989     
   301.63760769535298     
   307.79394675757226     
   298.00430216059556     
   298.11530806834264     
   298.94844532833270     
   301.62274308916744     
   307.77032135637239     
   298.00428800513987     
   298.11488606204881     
   298.94471747049022     
   301.60802288137086     
   307.74692613333474     
   298.00427417823079     
   298.11447149011593     
   298.94104325681462     
   301.59349381963079     
   307.72383495082983     
   298.00426071216890     
   298.11406562806388     
   298.93743544004161     
   301.57920869519484     
   307.70113141264295     
   298.00424764340431     
   298.11366987376147     
   298.93390788633963     
   301.56522481829506     
   307.67890640589565     
   298.00423501097282     
   298.11328569645201     
   298.93047509573682     
   301.55160205400585     
   307.65725494667475     
   298.00422285468318     
   298.11291457818044     
   298.92715165393815     
   301.53840058637229     
   307.63627259972185     
   298.00421121321909     
   298.11255795256551     
   298.92395166143064     
   301.52567859743101     
   307.61605177074870     
   298.00420012229790     
   298.11221714577016     
   298.92088818485519     
   301.51349004293456     
   307.59667816057799     
   298.00418961302807     
   298.11189332394190     
   298.91797276983721     
   301.50188268228271     
   307.57822763029986     
   298.00417971056180     
   298.11158745040109     
   298.91521504528941     
   301.49089648248798     
   307.56076366588616     
   298.00417043311722     
   298.11130025468952     
   298.91262243828123     
   301.48056247157785     
   307.54433555982990     
   298.00416179139449     
   298.11103221438390     
   298.91020000744970     
   301.47090207195959     
   307.52897735622901     
   298.00415378838272     
   298.11078354948734     
   298.90795039284575     
   301.46192690381042     
   307.51470754192451     
   298.00414641952710     
   298.11055422830947     
   298.90587387192113     
   301.45363901589678     
   307.50152941503740     
   298.00413967319821     
   298.11034398310767     
   298.90396850551843     
   301.44603147805418     
   307.48943202602356     
   298.00413353140362     
   298.11015233337599     
   298.90223035427789     
   301.43908925606871     
   307.47839156542443     
   298.00412797066616     
   298.10997861452989     
   298.90065374464587     
   301.43279028504463     
   307.46837306541880     
   298.00412296300391     
   298.10982200978867     
   298.89923156424925     
   301.42710665992723     
   307.45933228655429     
   298.00411847694903     
   298.10968158326807     
   298.89795556834309     
   301.42200586978817     
   307.45121767366231     
   298.00411447855163     
   298.10955631259770     
   298.89681668182811     
   301.41745201380041     
   307.44397228289063     
   298.00411093232742     
   298.10944511972070     
   298.89580528458134     
   301.41340694987412     
   307.43753560236570     
   298.00410780211752     
   298.10934689891099     
   298.89491147114734     
   301.40983134017682     
   307.43184520991690     
   298.00410505184482     
   298.10926054136434     
   298.89412527895797     
   301.40668557027317     
   307.42683823102118     
   298.00410264614919     
   298.10918495602999     
   298.89343688199966     
   301.40393052960627     
   307.42245257746822     
   298.00410055090538     
   298.10911908660069     
   298.89283674913941     
   301.40152825018509     
   307.41862796168175     
   298.00409873362412     
   298.10906192476904     
   298.89231576810664     
   301.39944240750282     
   307.41530669294735     
   298.00409716374526     
   298.10901252000258     
   298.89186533744385     
   301.39763869292597     
   307.41243427005753     
   298.00409581283168     
   298.10896998618932     
   298.89147742960103     
   301.39608507027810     
   307.40995979040940     
   298.00409465468186     
   298.10893350555222     
   298.89114462886107     
   301.39475193133512     
   307.40783619876890     
 
